seq,HOTA(0),LocA(0),HOTALocA(0),HOTA___5,HOTA___10,HOTA___15,HOTA___20,HOTA___25,HOTA___30,HOTA___35,HOTA___40,HOTA___45,HOTA___50,HOTA___55,HOTA___60,HOTA___65,HOTA___70,HOTA___75,HOTA___80,HOTA___85,HOTA___90,HOTA___95,HOTA___AUC,DetA___5,DetA___10,DetA___15,DetA___20,DetA___25,DetA___30,DetA___35,DetA___40,DetA___45,DetA___50,DetA___55,DetA___60,DetA___65,DetA___70,DetA___75,DetA___80,DetA___85,DetA___90,DetA___95,DetA___AUC,AssA___5,AssA___10,AssA___15,AssA___20,AssA___25,AssA___30,AssA___35,AssA___40,AssA___45,AssA___50,AssA___55,AssA___60,AssA___65,AssA___70,AssA___75,AssA___80,AssA___85,AssA___90,AssA___95,AssA___AUC,DetRe___5,DetRe___10,DetRe___15,DetRe___20,DetRe___25,DetRe___30,DetRe___35,DetRe___40,DetRe___45,DetRe___50,DetRe___55,DetRe___60,DetRe___65,DetRe___70,DetRe___75,DetRe___80,DetRe___85,DetRe___90,DetRe___95,DetRe___AUC,DetPr___5,DetPr___10,DetPr___15,DetPr___20,DetPr___25,DetPr___30,DetPr___35,DetPr___40,DetPr___45,DetPr___50,DetPr___55,DetPr___60,DetPr___65,DetPr___70,DetPr___75,DetPr___80,DetPr___85,DetPr___90,DetPr___95,DetPr___AUC,AssRe___5,AssRe___10,AssRe___15,AssRe___20,AssRe___25,AssRe___30,AssRe___35,AssRe___40,AssRe___45,AssRe___50,AssRe___55,AssRe___60,AssRe___65,AssRe___70,AssRe___75,AssRe___80,AssRe___85,AssRe___90,AssRe___95,AssRe___AUC,AssPr___5,AssPr___10,AssPr___15,AssPr___20,AssPr___25,AssPr___30,AssPr___35,AssPr___40,AssPr___45,AssPr___50,AssPr___55,AssPr___60,AssPr___65,AssPr___70,AssPr___75,AssPr___80,AssPr___85,AssPr___90,AssPr___95,AssPr___AUC,LocA___5,LocA___10,LocA___15,LocA___20,LocA___25,LocA___30,LocA___35,LocA___40,LocA___45,LocA___50,LocA___55,LocA___60,LocA___65,LocA___70,LocA___75,LocA___80,LocA___85,LocA___90,LocA___95,LocA___AUC,OWTA___5,OWTA___10,OWTA___15,OWTA___20,OWTA___25,OWTA___30,OWTA___35,OWTA___40,OWTA___45,OWTA___50,OWTA___55,OWTA___60,OWTA___65,OWTA___70,OWTA___75,OWTA___80,OWTA___85,OWTA___90,OWTA___95,OWTA___AUC,HOTA_TP___5,HOTA_TP___10,HOTA_TP___15,HOTA_TP___20,HOTA_TP___25,HOTA_TP___30,HOTA_TP___35,HOTA_TP___40,HOTA_TP___45,HOTA_TP___50,HOTA_TP___55,HOTA_TP___60,HOTA_TP___65,HOTA_TP___70,HOTA_TP___75,HOTA_TP___80,HOTA_TP___85,HOTA_TP___90,HOTA_TP___95,HOTA_TP___AUC,HOTA_FN___5,HOTA_FN___10,HOTA_FN___15,HOTA_FN___20,HOTA_FN___25,HOTA_FN___30,HOTA_FN___35,HOTA_FN___40,HOTA_FN___45,HOTA_FN___50,HOTA_FN___55,HOTA_FN___60,HOTA_FN___65,HOTA_FN___70,HOTA_FN___75,HOTA_FN___80,HOTA_FN___85,HOTA_FN___90,HOTA_FN___95,HOTA_FN___AUC,HOTA_FP___5,HOTA_FP___10,HOTA_FP___15,HOTA_FP___20,HOTA_FP___25,HOTA_FP___30,HOTA_FP___35,HOTA_FP___40,HOTA_FP___45,HOTA_FP___50,HOTA_FP___55,HOTA_FP___60,HOTA_FP___65,HOTA_FP___70,HOTA_FP___75,HOTA_FP___80,HOTA_FP___85,HOTA_FP___90,HOTA_FP___95,HOTA_FP___AUC,MOTA,MOTP,MODA,CLR_Re,CLR_Pr,MTR,PTR,MLR,sMOTA,CLR_F1,FP_per_frame,MOTAL,MOTP_sum,CLR_TP,CLR_FN,CLR_FP,IDSW,MT,PT,ML,Frag,CLR_Frames,IDF1,IDR,IDP,IDTP,IDFN,IDFP,Dets,GT_Dets,IDs,GT_IDs
0001,0.8026565810695113,0.6407069294861957,0.5142676334889343,0.8026565810695113,0.8026565810695113,0.8026565810695113,0.8026565810695113,0.7881029263228201,0.7835596239093485,0.7643904442061322,0.7434985195904557,0.6981635490689462,0.6627967429957443,0.6084182998816389,0.5158423318559983,0.4202725050970749,0.2664456294448878,0.14506435067127726,0.06863966322396876,0.025693113980225973,0.006194360033878034,0.0,0.5109320202400233,0.9838709677419355,0.9838709677419355,0.9838709677419355,0.9838709677419355,0.9585987261146497,0.9523809523809523,0.9099378881987578,0.8636363636363636,0.7774566473988439,0.713091922005571,0.6226912928759895,0.5036674816625917,0.38826185101580135,0.23,0.11211573236889692,0.05670103092783505,0.018211920529801324,0.004901960784313725,0.0,0.5814282968877953,0.6548191869232822,0.6548191869232822,0.6548191869232822,0.6548191869232822,0.6479314081670365,0.6446639684320078,0.6421237743493334,0.6400726878910727,0.6269575839107703,0.6160489397919932,0.5944724647122772,0.5283114773585691,0.4549223110085633,0.30866640630557596,0.18769592269565571,0.08309202302681552,0.03624747345677578,0.007827499630778318,0.0,0.4546479309700186,0.9838709677419355,0.9838709677419355,0.9838709677419355,0.9838709677419355,0.9709677419354839,0.967741935483871,0.9451612903225807,0.9193548387096774,0.867741935483871,0.8258064516129032,0.7612903225806451,0.6645161290322581,0.5548387096774193,0.3709677419354839,0.2,0.1064516129032258,0.035483870967741936,0.00967741935483871,0.0,0.6387096774193548,1.0,1.0,1.0,1.0,0.9868852459016394,0.9836065573770492,0.9606557377049181,0.9344262295081968,0.8819672131147541,0.839344262295082,0.7737704918032787,0.6754098360655738,0.5639344262295082,0.3770491803278688,0.20327868852459016,0.10819672131147541,0.036065573770491806,0.009836065573770493,0.0,0.6491803278688524,0.6548191869232822,0.6548191869232822,0.6548191869232822,0.6548191869232822,0.6509540994829708,0.6489275179098188,0.6491162815665394,0.6493391534536498,0.6444188052890004,0.6399491878125697,0.6271810437839452,0.5906537468926912,0.542228068939039,0.42372005554819075,0.2977716129272148,0.14584265725598364,0.06841167681875647,0.014775600505689,0.0,0.4848719082041678,1.0,1.0,1.0,1.0,0.9872064019406213,0.9839693121693122,0.9626450964794038,0.9418546340050332,0.9059055840498405,0.8778139315232969,0.8357527051091752,0.7584858129149362,0.6715454261307994,0.4858099930594209,0.31866669907841383,0.16065356196935143,0.0713895713895714,0.01664164164164164,0.0,0.6830705458663588,0.6407069294861957,0.6407069294861957,0.6407069294861957,0.6407069294861957,0.6462013995263339,0.6474642004877179,0.6550935127468146,0.6629878219320218,0.6775320515485076,0.6879781893909704,0.7014336154857114,0.7199009391364156,0.7386727896745369,0.7693537700610069,0.8052070798027697,0.8355077519018602,0.8723017193135181,0.9137254901960784,1.0,0.7313783183762655,0.8026565810695113,0.8026565810695113,0.8026565810695113,0.8026565810695113,0.7931711645773728,0.7898533766130929,0.7790446297297874,0.7671075040296288,0.7375889013054787,0.713258150314118,0.6727303578894895,0.5925128672506866,0.5024027349084208,0.3383862877814645,0.1937503149394373,0.09404934806045435,0.035863639958137024,0.008703447387494623,0.0,0.5383710025801637,305.0,305.0,305.0,305.0,301.0,300.0,293.0,285.0,269.0,256.0,236.0,206.0,172.0,115.0,62.0,33.0,11.0,3.0,0.0,198.0,5.0,5.0,5.0,5.0,9.0,10.0,17.0,25.0,41.0,54.0,74.0,104.0,138.0,195.0,248.0,277.0,299.0,307.0,310.0,112.0,0.0,0.0,0.0,0.0,4.0,5.0,12.0,20.0,36.0,49.0,69.0,99.0,133.0,190.0,243.0,272.0,294.0,302.0,305.0,107.0,0.6580645161290323,0.6879781893909704,0.667741935483871,0.8258064516129032,0.839344262295082,0.6666666666666666,0.3333333333333333,0.0,0.4003948918841562,0.832520325203252,0.021894548704200177,0.6662028346621947,176.12241648408843,256,54,49,3,2,1,0,38.0,2238,0.6439024390243903,0.6387096774193548,0.6491803278688525,198,112,107,305,310,6,3
0003,0.9245525338699346,0.6450296199713184,0.5963637695656434,0.9245525338699346,0.9245525338699346,0.9245525338699346,0.9245525338699346,0.9245525338699346,0.9123282951962647,0.8951016936396488,0.873711203895637,0.8339721920919353,0.7660735904257735,0.6627726803650882,0.5674748489343013,0.3783562281024544,0.24239422845785918,0.1323589427675512,0.05948210213760601,0.019414319331323836,0.0052825706551461946,0.0029384071321837896,0.5776012617096024,0.976271186440678,0.976271186440678,0.976271186440678,0.976271186440678,0.976271186440678,0.9629629629629629,0.9433333333333334,0.9177631578947368,0.8685897435897436,0.7720364741641338,0.6422535211267606,0.5221932114882507,0.32801822323462415,0.20454545454545456,0.1147227533460803,0.052346570397111915,0.017452006980802792,0.005172413793103448,0.001718213058419244,0.5912875774799425,0.875573713285307,0.875573713285307,0.875573713285307,0.875573713285307,0.875573713285307,0.864356107377866,0.8493360868797537,0.8317737111651614,0.8007343194132099,0.760156761483614,0.6839473998798454,0.6166830534913105,0.4364191535831899,0.28724648083843957,0.15270632215124094,0.06759030148236417,0.021597275059150604,0.005395073527144928,0.005025125628140704,0.5663597757045773,0.976271186440678,0.976271186440678,0.976271186440678,0.976271186440678,0.976271186440678,0.9694915254237289,0.9593220338983051,0.9457627118644067,0.9186440677966101,0.8610169491525423,0.7728813559322034,0.6779661016949152,0.488135593220339,0.33559322033898303,0.2033898305084746,0.09830508474576272,0.03389830508474576,0.010169491525423728,0.003389830508474576,0.6399643175735951,1.0,1.0,1.0,1.0,1.0,0.9930555555555556,0.9826388888888888,0.96875,0.9409722222222222,0.8819444444444444,0.7916666666666666,0.6944444444444444,0.5,0.34375,0.20833333333333334,0.10069444444444445,0.034722222222222224,0.010416666666666666,0.003472222222222222,0.6555190058479531,0.875573713285307,0.875573713285307,0.875573713285307,0.875573713285307,0.875573713285307,0.8695755431622566,0.8614147291852176,0.8514672140124175,0.8329068950223198,0.8049133590016354,0.753418465785458,0.709568827850527,0.5605607603771129,0.41674812642554576,0.25481031974165164,0.1233971005554393,0.0416693282231449,0.010184889456687605,0.009900990099009901,0.604126585017103,1.0,1.0,1.0,1.0,1.0,0.9930915577522492,0.982851457892517,0.9697403129176565,0.9452379414959323,0.9052171935614323,0.8477310790135104,0.7776406017176957,0.6161640080901262,0.44286528000614755,0.2715349691628416,0.13174380754452839,0.04282259211836677,0.011428842414757908,0.010101010101010102,0.6814826659888826,0.6450296199713184,0.6450296199713184,0.6450296199713184,0.6450296199713184,0.6450296199713184,0.6475036627921065,0.6508206221015227,0.654779441664002,0.6616643788947396,0.6744569410824429,0.6918120359729768,0.7074708919444292,0.7411916134250194,0.770597637680247,0.8032845249537864,0.8433589612516911,0.8865836940836941,0.9292207792207791,0.95,0.7283101728907383,0.9245525338699346,0.9245525338699346,0.9245525338699346,0.9245525338699346,0.9245525338699346,0.915415709418996,0.902655428349441,0.8869388709088608,0.8576653382352007,0.8090165978830707,0.7270558395374044,0.6465989527959511,0.46155359648371136,0.3104802272860736,0.17623539082690914,0.08151362042760375,0.027057550128462438,0.007407101627042675,0.004127265942871725,0.6019202189053301,288.0,288.0,288.0,288.0,288.0,286.0,283.0,279.0,271.0,254.0,228.0,200.0,144.0,99.0,60.0,29.0,10.0,3.0,1.0,188.78947368421052,7.0,7.0,7.0,7.0,7.0,9.0,12.0,16.0,24.0,41.0,67.0,95.0,151.0,196.0,235.0,266.0,285.0,292.0,294.0,106.21052631578948,0.0,0.0,0.0,0.0,0.0,2.0,5.0,9.0,17.0,34.0,60.0,88.0,144.0,189.0,228.0,259.0,278.0,285.0,287.0,99.21052631578948,0.7423728813559322,0.6744569410824429,0.7457627118644068,0.8610169491525423,0.8819444444444444,0.6666666666666666,0.3333333333333333,0.0,0.46207478994895085,0.8713550600343053,0.017111222949169603,0.7457627118644068,171.3120630349405,254,41,34,1,2,1,0,23.0,1987,0.8061749571183533,0.7966101694915254,0.8159722222222222,235,60,53,288,295,4,3
0005,0.7085702305990088,0.5609316920324313,0.39745949837371203,0.7085702305990088,0.7085702305990088,0.7085702305990088,0.6945055600110169,0.6784925918769463,0.6563190343324055,0.5839367514580461,0.5222309553753486,0.4814601690193711,0.4490108332704919,0.3760184745183581,0.2946059415400746,0.21771361091637573,0.1297117910514741,0.06901416588278071,0.010636705817199787,0.007895822249942336,0.004975339893403465,0.0,0.3843283388952769,0.96875,0.96875,0.96875,0.9484536082474226,0.9285714285714286,0.8963210702341137,0.771875,0.6482558139534884,0.5407608695652174,0.5,0.41044776119402987,0.29157175398633256,0.20127118644067796,0.12277227722772277,0.06179775280898876,0.008896797153024912,0.005319148936170213,0.0035398230088495575,0.0,0.48663706796460354,0.5182676352940723,0.5182676352940723,0.5182676352940723,0.5085519931517715,0.49576390471127313,0.48058077527343046,0.4417582247169242,0.4207060929989854,0.42866247799796686,0.40322145678852295,0.3444771942909302,0.2976717038056514,0.2354992645319221,0.1370435502028959,0.07707327331493484,0.012716880996121657,0.01172067369250468,0.006993006993006993,0.0,0.308275967334161,0.9789473684210527,0.9789473684210527,0.9789473684210527,0.968421052631579,0.9578947368421052,0.9403508771929825,0.8666666666666667,0.7824561403508772,0.6982456140350877,0.6631578947368421,0.5789473684210527,0.44912280701754387,0.3333333333333333,0.21754385964912282,0.11578947368421053,0.017543859649122806,0.010526315789473684,0.007017543859649123,0.0,0.5549399815327792,0.9893617021276596,0.9893617021276596,0.9893617021276596,0.9787234042553191,0.9680851063829787,0.950354609929078,0.875886524822695,0.7907801418439716,0.7056737588652482,0.6702127659574468,0.5851063829787234,0.45390070921985815,0.33687943262411346,0.2198581560283688,0.11702127659574468,0.01773049645390071,0.010638297872340425,0.0070921985815602835,0.0,0.5608435983575962,0.519109601961894,0.519109601961894,0.519109601961894,0.5128146453089245,0.5039907460960091,0.49285153181461117,0.46175154485403785,0.43592164267170164,0.44035969320285634,0.4213311055416319,0.3749282296650718,0.33453947368421055,0.278005540166205,0.17724957555178267,0.1062200956937799,0.01894736842105263,0.017543859649122806,0.010526315789473684,0.0,0.32338474599979755,0.9903225806451613,0.9903225806451613,0.9903225806451613,0.9804128238910849,0.9703740703740704,0.9554500226142018,0.9026921699854032,0.8778086530168528,0.8892433720861576,0.853983305683986,0.7597473810460823,0.677710942331478,0.5610903883084334,0.36031480040696634,0.2163377747793332,0.03719851576994434,0.03401360544217687,0.02040816326530612,0.0,0.6351449332072084,0.5609316920324313,0.5609316920324313,0.5609316920324313,0.5651515137545864,0.5689432246738036,0.5742744820242883,0.5948005436358658,0.6188712701955611,0.6432379317103091,0.6523231714873531,0.6710555763045889,0.6979475507767826,0.7238264324368721,0.7532525755074806,0.7810811197853452,0.8663095238095238,0.9063492063492063,0.930952380952381,1.0,0.6963774515526969,0.7122897849253027,0.7122897849253027,0.7122897849253027,0.7017780678575857,0.6891223657952334,0.6722459026207999,0.6187544974285043,0.5737456455173175,0.5470938632113256,0.5171068481432047,0.44658052478338295,0.3656380056598179,0.2801780770224074,0.17266436474025643,0.0944683743495971,0.014936638690500463,0.011107453018252242,0.007005264683383462,0.0,0.4131208025419724,279.0,279.0,279.0,276.0,273.0,268.0,247.0,223.0,199.0,189.0,165.0,128.0,95.0,62.0,33.0,5.0,3.0,2.0,0.0,158.1578947368421,6.0,6.0,6.0,9.0,12.0,17.0,38.0,62.0,86.0,96.0,120.0,157.0,190.0,223.0,252.0,280.0,282.0,283.0,285.0,126.84210526315789,3.0,3.0,3.0,6.0,9.0,14.0,35.0,59.0,83.0,93.0,117.0,154.0,187.0,220.0,249.0,277.0,279.0,280.0,282.0,123.84210526315789,0.3017543859649123,0.6523231714873531,0.3368421052631579,0.6631578947368421,0.6702127659574468,0.6666666666666666,0.0,0.3333333333333333,0.07118975231968325,0.6666666666666666,0.049102428722280884,0.3333333333333333,123.28907941110973,189,96,93,10,2,0,1,25.0,1894,0.36331569664902996,0.36140350877192984,0.36524822695035464,103,182,179,282,285,6,3
0023,0.8005191049637942,0.5516254300968135,0.4415866955763692,0.8005191049637942,0.7942738344162529,0.7869256425641812,0.7869256425641812,0.7833303399236353,0.7628093316336301,0.7377483334950328,0.6823243288328089,0.5815424340888876,0.4863466897891802,0.3801413304611131,0.25475654793672153,0.12450544172323336,0.05918675289677987,0.029741117466479394,0.013337601327279567,0.0037713422698773453,0.0,0.0,0.42464135875542464,0.9772079772079773,0.9715909090909091,0.96045197740113,0.96045197740113,0.9549295774647887,0.9277777777777778,0.8858695652173914,0.8025974025974026,0.6367924528301887,0.5119825708061002,0.3797216699801193,0.24372759856630824,0.12116316639741519,0.0547112462006079,0.028148148148148148,0.010189228529839884,0.002890173410404624,0.0,0.0,0.49632649573829685,0.6557773292467171,0.6493174422850309,0.6447505773278455,0.6447505773278455,0.6425671964983236,0.6271739745923482,0.6143936138511928,0.5800747525601946,0.5310860723033924,0.4619944430851997,0.38056145474212993,0.2662845697344293,0.12793991342098301,0.06402836640971188,0.03142423663181973,0.017458790785237703,0.004921165790731008,0.0,0.0,0.3655002356101649,0.9772079772079773,0.9743589743589743,0.9686609686609686,0.9686609686609686,0.9658119658119658,0.9515669515669516,0.9287749287749287,0.8803418803418803,0.7692307692307693,0.6695156695156695,0.5441595441595442,0.38746438746438744,0.21367521367521367,0.10256410256410256,0.05413105413105413,0.019943019943019943,0.005698005698005698,0.0,0.0,0.5464087569350727,1.0,0.9970845481049563,0.9912536443148688,0.9912536443148688,0.9883381924198251,0.9737609329446064,0.9504373177842566,0.9008746355685131,0.7871720116618076,0.685131195335277,0.5568513119533528,0.3965014577259475,0.21865889212827988,0.10495626822157435,0.05539358600583091,0.02040816326530612,0.0058309037900874635,0.0,0.0,0.5591529845020715,0.6557773292467171,0.6520217923726696,0.6492709904474611,0.6492709904474611,0.6479338426241082,0.6390296330416092,0.6313250485029626,0.6100461925704644,0.5793605571383349,0.5316966721222041,0.47053295744395224,0.36852689793866267,0.20364672364672362,0.11063627730294398,0.05623031938821412,0.03296703296703297,0.008547008547008548,0.0,0.0,0.39456948767097527,1.0,0.9971016723094285,0.9912913969415518,0.9912913969415518,0.9884499395444901,0.9740784579167026,0.9519757634465416,0.9047991411302602,0.8220900525725087,0.7279229868675559,0.6168433786751505,0.4677216729993433,0.2688264221158958,0.16014309764309764,0.1191345588852514,0.03646901344269765,0.011961722488038277,0.0,0.0,0.5805316144168456,0.5516254300968135,0.5530000022926217,0.5555025546221257,0.5555025546221257,0.5565135770326725,0.5606609855033751,0.5665281340671655,0.5775131733914308,0.6005025100653825,0.619396492324356,0.6408781675828651,0.6703771004774883,0.7142518786723554,0.7581216125582082,0.7960516556932739,0.838292523021587,0.873015873015873,1.0,1.0,0.6835649592126168,0.8005191049637942,0.7954044738988052,0.7902814174578,0.7902814174578,0.7877811163110789,0.7725270397241571,0.7554027964896693,0.7146076534768521,0.6391617541168171,0.5561587173412877,0.4550671903545348,0.32120988107990794,0.16534082477663187,0.08103710224000873,0.041243509236534276,0.01865960912803396,0.0052953593566835485,0.0,0.0,0.4468409982847577,343.0,342.0,340.0,340.0,339.0,334.0,326.0,309.0,270.0,235.0,191.0,136.0,75.0,36.0,19.0,7.0,2.0,0.0,0.0,191.78947368421052,8.0,9.0,11.0,11.0,12.0,17.0,25.0,42.0,81.0,116.0,160.0,215.0,276.0,315.0,332.0,344.0,349.0,351.0,351.0,159.21052631578948,0.0,1.0,3.0,3.0,4.0,9.0,17.0,34.0,73.0,108.0,152.0,207.0,268.0,307.0,324.0,336.0,341.0,343.0,343.0,151.21052631578948,0.3504273504273504,0.619396492324356,0.36182336182336183,0.6695156695156695,0.685131195335277,0.3333333333333333,0.6666666666666666,0.0,0.09560733816587937,0.6772334293948127,0.04645161290322581,0.36010809119279785,145.55817569622366,235,116,108,4,1,2,0,58.0,2325,0.515850144092219,0.50997150997151,0.521865889212828,179,172,164,343,351,6,3
0024,0.9575564358141211,0.6074534175125306,0.581670929396406,0.9575564358141211,0.9575564358141211,0.9575564358141211,0.9498957369321784,0.9461075692992236,0.9385716493599439,0.9243344606659344,0.8922801660769308,0.8292372621950717,0.6936044064907717,0.5696169726995577,0.3625331160248615,0.18911266565888868,0.1110071590987948,0.05424247532065775,0.024288074525943195,0.005453521561349757,0.0016434014630031417,0.0,0.5455051549902881,0.9885714285714285,0.9885714285714285,0.9885714285714285,0.9810246679316889,0.9772727272727273,0.969811320754717,0.9550561797752809,0.9226519337016574,0.8576512455516014,0.7199341021416804,0.5914634146341463,0.38095238095238093,0.20138089758342922,0.11419423692636073,0.05241935483870968,0.021526418786692758,0.0038461538461538464,0.0009587727708533077,0.0,0.5639925312201245,0.9275144934079914,0.9275144934079914,0.9275144934079914,0.9197545592245553,0.9159362660035476,0.908338273775467,0.8946009808298584,0.8629081733781068,0.8017646340273469,0.6682376501852936,0.5485774564570621,0.34500443306357614,0.17759182098090645,0.10790903028785492,0.056129003074632075,0.027404027117712806,0.007732633329227738,0.0028169014084507044,0.0,0.527749964387767,0.9885714285714285,0.9885714285714285,0.9885714285714285,0.9847619047619047,0.9828571428571429,0.979047619047619,0.9714285714285714,0.9542857142857143,0.9180952380952381,0.8323809523809523,0.7390476190476191,0.5485714285714286,0.3333333333333333,0.2038095238095238,0.09904761904761905,0.0419047619047619,0.007619047619047619,0.0019047619047619048,0.0,0.6086215538847118,1.0,1.0,1.0,0.9961464354527938,0.9942196531791907,0.9903660886319846,0.9826589595375722,0.9653179190751445,0.928709055876686,0.8420038535645472,0.7475915221579962,0.5549132947976878,0.3371868978805395,0.20616570327552985,0.1001926782273603,0.04238921001926782,0.007707129094412331,0.0019267822736030828,0.0,0.6156576412128587,0.9275144934079914,0.9275144934079914,0.9275144934079914,0.9234736711809193,0.9214631669491989,0.9174404272775234,0.9101551087768596,0.8928251949584923,0.8577721119572672,0.7722254377761231,0.6834381113945581,0.49402428848076657,0.2866412107946915,0.18123050093620519,0.10018682017143196,0.05124641524467571,0.01406683839025859,0.00558659217877095,0.0,0.5681220724574587,1.0,1.0,1.0,0.9961533838201707,0.9942407918363771,0.9904152652289565,0.9826832427886409,0.9654167969836874,0.9289845483168301,0.8430949465462794,0.749663558707891,0.5650593610011486,0.37296327409091157,0.25997644424473415,0.130863318817314,0.06248929977743538,0.02660075329566855,0.005649717514124294,0.0,0.6249607738405353,0.6074534175125306,0.6074534175125306,0.6074534175125306,0.6091349535302981,0.6098705022062586,0.6111761888906837,0.6134103640123544,0.6176525235508548,0.6253586803123401,0.6406481691858759,0.655021637332023,0.6848295384602304,0.7242341228663716,0.7542379953318266,0.7898925494860596,0.8215969205392546,0.870806277056277,0.9166666666666666,1.0,0.7035209127349983,0.9575564358141211,0.9575564358141211,0.9575564358141211,0.9517033422529413,0.9488068831134642,0.9430304471382117,0.9322236602908919,0.9074474875137997,0.8579605425505759,0.745807141074718,0.6367298195135757,0.4350397392298338,0.24330489855385598,0.14829999351893172,0.07456167993050315,0.03388744947025955,0.0076756303686421005,0.002316360613610725,0.0,0.5653402306619041,519.0,519.0,519.0,517.0,516.0,514.0,510.0,501.0,482.0,437.0,388.0,288.0,175.0,107.0,52.0,22.0,4.0,1.0,0.0,319.5263157894737,6.0,6.0,6.0,8.0,9.0,11.0,15.0,24.0,43.0,88.0,137.0,237.0,350.0,418.0,473.0,503.0,521.0,524.0,525.0,205.47368421052633,0.0,0.0,0.0,2.0,3.0,5.0,9.0,18.0,37.0,82.0,131.0,231.0,344.0,412.0,467.0,497.0,515.0,518.0,519.0,199.47368421052633,0.6742857142857143,0.6406481691858759,0.6761904761904762,0.8323809523809523,0.8420038535645472,1.0,0.0,0.0,0.37516809511281474,0.8371647509578544,0.02304665542439573,0.6761904761904762,279.96324993422775,437,88,82,1,3,0,0,60.0,3558,0.8026819923371648,0.7980952380952381,0.8073217726396917,419,106,100,519,525,4,3
0025,0.984,0.613428489500414,0.6036136336684074,0.984,0.984,0.984,0.984,0.9787516258063507,0.9735030244455793,0.9735030244455793,0.9380645965175509,0.8797241148891528,0.7636693601143472,0.5765242009997102,0.4489055064812231,0.22884804549743748,0.1146751866390971,0.04042126937820325,0.008468268917332586,0.004681235496146874,0.004681235496146874,0.0,0.5721274050065188,0.984,0.984,0.984,0.984,0.9787234042553191,0.9734748010610079,0.9734748010610079,0.9375,0.8787878787878788,0.7630331753554502,0.576271186440678,0.4446601941747573,0.22772277227722773,0.11377245508982035,0.03910614525139665,0.006765899864682003,0.0026954177897574125,0.0026954177897574125,0.0,0.5712991341683548,0.984,0.984,0.984,0.984,0.9787798481711525,0.9735312486484148,0.9735312486484148,0.9386295330556114,0.8806613484302624,0.7643060752971635,0.5767773266459677,0.45319135013458156,0.2299788791620747,0.11558508094362435,0.04178062060685766,0.010598971295835407,0.008130081300813009,0.008130081300813009,0.0,0.5731374575600835,0.984,0.984,0.984,0.984,0.9813333333333333,0.9786666666666667,0.9786666666666667,0.96,0.928,0.8586666666666667,0.7253333333333334,0.6106666666666667,0.368,0.20266666666666666,0.07466666666666667,0.013333333333333334,0.005333333333333333,0.005333333333333333,0.0,0.6119298245614035,1.0,1.0,1.0,1.0,0.997289972899729,0.994579945799458,0.994579945799458,0.975609756097561,0.943089430894309,0.8726287262872628,0.7371273712737128,0.6205962059620597,0.37398373983739835,0.20596205962059622,0.07588075880758807,0.013550135501355014,0.005420054200542005,0.005420054200542005,0.0,0.6218799030095564,0.984,0.984,0.984,0.984,0.9813478260869565,0.9786811989100818,0.9786811989100818,0.9603111111111111,0.9285517241379311,0.8591304347826086,0.7255882352941176,0.6164192139737993,0.3704347826086956,0.20526315789473687,0.07942857142857143,0.020800000000000003,0.016,0.016,0.0,0.6143493397441417,1.0,1.0,1.0,1.0,0.9973047013078826,0.994594714339514,0.994594714339514,0.9759259259259259,0.9436501261564341,0.8731000353481795,0.7373864179818269,0.6264422906237795,0.376458112407211,0.2086007702182285,0.08072009291521487,0.021138211382113824,0.016260162601626018,0.016260162601626018,0.0,0.6243387599025829,0.613428489500414,0.613428489500414,0.613428489500414,0.613428489500414,0.6144191408895984,0.6153073087436258,0.6153073087436258,0.6198929987919534,0.6265228546266696,0.6386092059160707,0.6595824747560755,0.6755780409150475,0.7110297491893169,0.7425254418835333,0.7802891211904432,0.8606060606060606,0.9090909090909091,0.9090909090909091,1.0,0.7069244990755523,0.984,0.984,0.984,0.984,0.9800557591307195,0.9760955803662784,0.9760955803662784,0.9492546295559411,0.9040208688649193,0.8101136648572828,0.6468043142459771,0.5260692455835555,0.29091618643802464,0.15305307272721186,0.05585355558940456,0.011887792784104434,0.006584863977663931,0.006584863977663931,0.0,0.5910205251823699,369.0,369.0,369.0,369.0,368.0,367.0,367.0,360.0,348.0,322.0,272.0,229.0,138.0,76.0,28.0,5.0,2.0,2.0,0.0,229.47368421052633,6.0,6.0,6.0,6.0,7.0,8.0,8.0,15.0,27.0,53.0,103.0,146.0,237.0,299.0,347.0,370.0,373.0,373.0,375.0,145.52631578947367,0.0,0.0,0.0,0.0,1.0,2.0,2.0,9.0,21.0,47.0,97.0,140.0,231.0,293.0,341.0,364.0,367.0,367.0,369.0,139.52631578947367,0.7333333333333333,0.6386092059160707,0.7333333333333333,0.8586666666666667,0.8726287262872628,1.0,0.0,0.0,0.4230191048132661,0.8655913978494624,0.019059205190592052,0.7333333333333333,205.6321643049748,322,53,47,0,3,0,0,36.0,2466,0.8655913978494624,0.8586666666666667,0.8726287262872628,322,53,47,369,375,3,3
0026,0.7058763484591695,0.6195162883018702,0.43730189539750225,0.7058763484591695,0.7058763484591695,0.7058763484591695,0.7058763484591695,0.7058763484591695,0.7058763484591695,0.6987731670914535,0.68343788706374,0.6629542506534675,0.6047290465588987,0.5012946437127437,0.33686111548275155,0.19184898893546978,0.088850337158109,0.04333364944791347,0.013362142291106572,0.007549597581552153,0.004283872703979422,0.0031486420788263587,0.4250360753428962,0.956140350877193,0.956140350877193,0.956140350877193,0.956140350877193,0.956140350877193,0.956140350877193,0.9447674418604651,0.9114285714285715,0.8792134831460674,0.7887700534759359,0.6198547215496368,0.41139240506329117,0.22977941176470587,0.10578512396694215,0.046948356807511735,0.013636363636363636,0.006015037593984963,0.0029985007496251873,0.0014970059880239522,0.563101504331278,0.5211174477229522,0.5211174477229522,0.5211174477229522,0.5211174477229522,0.5211174477229522,0.5211174477229522,0.5168297693297693,0.5124782787333927,0.4998880782478665,0.4636296955500372,0.40541164095168275,0.2758325378097973,0.16017986238580587,0.0746265837489271,0.03999725021631008,0.013093435417903778,0.009475655430711612,0.006120247042190639,0.006622516556291391,0.32162580198728413,0.9819819819819819,0.9819819819819819,0.9819819819819819,0.9819819819819819,0.9819819819819819,0.9819819819819819,0.975975975975976,0.9579579579579579,0.93993993993994,0.8858858858858859,0.7687687687687688,0.5855855855855856,0.37537537537537535,0.1921921921921922,0.09009009009009009,0.02702702702702703,0.012012012012012012,0.006006006006006006,0.003003003003003003,0.6164058795637742,0.9732142857142857,0.9732142857142857,0.9732142857142857,0.9732142857142857,0.9732142857142857,0.9732142857142857,0.9672619047619048,0.9494047619047619,0.9315476190476191,0.8779761904761905,0.7619047619047619,0.5803571428571429,0.37202380952380953,0.19047619047619047,0.08928571428571429,0.026785714285714284,0.011904761904761904,0.005952380952380952,0.002976190476190476,0.6109022556390978,0.5211174477229522,0.5211174477229522,0.5211174477229522,0.5211174477229522,0.5211174477229522,0.5211174477229522,0.5183367983367984,0.5155468948572397,0.5072964338140057,0.48248587570621465,0.4403153153153153,0.3290829290829291,0.20864864864864865,0.10529279279279279,0.06006006006006006,0.01901901901901902,0.013513513513513513,0.009009009009009009,0.009009009009009009,0.3339116308159089,1.0,1.0,1.0,1.0,1.0,1.0,0.9939664496192472,0.9787141938356503,0.9608523063242285,0.9110546409551832,0.818846955703013,0.6318379134017585,0.4153515064562411,0.20970453730272595,0.10901482544237208,0.0418061533556512,0.031743185078909615,0.0195480631276901,0.024390243902439025,0.6393068933950057,0.6195162883018702,0.6195162883018702,0.6195162883018702,0.6195162883018702,0.6195162883018702,0.6195162883018702,0.6213042903210828,0.6260360315674448,0.6298327813624602,0.6393836404561161,0.6563646261383018,0.6830867084855672,0.7158669252095459,0.7564269127322086,0.7940992872903216,0.8575942303883479,0.9097370766488414,0.9583333333333333,1.0,0.7139559775655154,0.7153516227425338,0.7153516227425338,0.7153516227425338,0.7153516227425338,0.7153516227425338,0.7153516227425338,0.7102206970618782,0.7006658585897061,0.6854668265094903,0.6408767460014041,0.5582721630700848,0.40189993552737513,0.24520924935786545,0.11976078960377859,0.060027959113593474,0.018811608993287054,0.010668724706139658,0.006062857452854839,0.004459533283425537,0.44497435188032036,327.0,327.0,327.0,327.0,327.0,327.0,325.0,319.0,313.0,295.0,256.0,195.0,125.0,64.0,30.0,9.0,4.0,2.0,1.0,205.26315789473685,6.0,6.0,6.0,6.0,6.0,6.0,8.0,14.0,20.0,38.0,77.0,138.0,208.0,269.0,303.0,324.0,329.0,331.0,332.0,127.73684210526316,9.0,9.0,9.0,9.0,9.0,9.0,11.0,17.0,23.0,41.0,80.0,141.0,211.0,272.0,306.0,327.0,332.0,334.0,335.0,130.73684210526315,0.7537537537537538,0.6393836404561161,0.7627627627627628,0.8858858858858859,0.8779761904761905,1.0,0.0,0.0,0.43428881061427704,0.8819133034379671,0.018560434585785424,0.7613299662020431,188.61817393455425,295,38,41,3,3,0,0,25.0,2209,0.5680119581464873,0.5705705705705706,0.5654761904761905,190,143,146,336,333,13,3
0042,0.9818181818181818,0.6625368576996282,0.6504907330141805,0.9818181818181818,0.9818181818181818,0.9818181818181818,0.9818181818181818,0.9818181818181818,0.9818181818181818,0.9555190999158228,0.9070266895785193,0.8846812869589529,0.8370086816173119,0.7681042245079183,0.6664085097554894,0.531317809972844,0.32623414833359116,0.12848238532974657,0.050397881615043,0.009832366910750387,0.009832366910750387,0.0,0.6297765548587279,0.9818181818181818,0.9818181818181818,0.9818181818181818,0.9818181818181818,0.9818181818181818,0.9818181818181818,0.9551569506726457,0.9039301310043668,0.8793103448275862,0.8242677824267782,0.7370517928286853,0.6088560885608856,0.47297297297297297,0.2861356932153392,0.11224489795918367,0.04807692307692308,0.006928406466512702,0.006928406466512702,0.0,0.6175141832309201,0.9818181818181818,0.9818181818181818,0.9818181818181818,0.9818181818181818,0.9818181818181818,0.9818181818181818,0.9558813864684486,0.9101338559139072,0.8900850355045148,0.8499465198556214,0.800464913656403,0.7294011018666559,0.5968599292680312,0.37195191673919453,0.14706880793837318,0.05283088660270489,0.013953488372093023,0.013953488372093023,0.0,0.6433389695509016,0.9818181818181818,0.9818181818181818,0.9818181818181818,0.9818181818181818,0.9818181818181818,0.9818181818181818,0.9681818181818181,0.9409090909090909,0.9272727272727272,0.8954545454545455,0.8409090909090909,0.75,0.6363636363636364,0.4409090909090909,0.2,0.09090909090909091,0.013636363636363636,0.013636363636363636,0.0,0.6636363636363637,1.0,1.0,1.0,1.0,1.0,1.0,0.9861111111111112,0.9583333333333334,0.9444444444444444,0.9120370370370371,0.8564814814814815,0.7638888888888888,0.6481481481481481,0.44907407407407407,0.2037037037037037,0.09259259259259259,0.013888888888888888,0.013888888888888888,0.0,0.675925925925926,0.9818181818181818,0.9818181818181818,0.9818181818181818,0.9818181818181818,0.9818181818181818,0.9818181818181818,0.9683738796414852,0.9426877470355731,0.9304812834224598,0.9037840332256577,0.8645208845208845,0.8057851239669422,0.7111688311688311,0.5196813495782567,0.25,0.09909090909090909,0.02727272727272727,0.02727272727272727,0.0,0.6811067677423971,1.0,1.0,1.0,1.0,1.0,1.0,0.9863067292644756,0.9601449275362319,0.9477124183006534,0.9205207745816884,0.8805305305305305,0.8207070707070706,0.7243386243386243,0.5293050782741504,0.25462962962962965,0.1009259259259259,0.027777777777777776,0.027777777777777776,0.0,0.6937198560339229,0.6625368576996282,0.6625368576996282,0.6625368576996282,0.6625368576996282,0.6625368576996282,0.6625368576996282,0.6671351553506826,0.6756090422493829,0.6792988647164571,0.686676640624386,0.6977701426318907,0.7129927072060024,0.7299116003540655,0.7559981599579052,0.8045688166569485,0.8441379557627364,0.930392156862745,0.930392156862745,1.0,0.7415844497596692,0.9818181818181818,0.9818181818181818,0.9818181818181818,0.9818181818181818,0.9818181818181818,0.9818181818181818,0.9620119431260611,0.9253935481585874,0.9084886231411562,0.8724038483397402,0.8204378238766359,0.7396288436776867,0.6162953472067976,0.40496540774660267,0.17150440690453012,0.06930229341784565,0.013794014696151085,0.013794014696151085,0.0,0.6531015371524755,216.0,216.0,216.0,216.0,216.0,216.0,213.0,207.0,204.0,197.0,185.0,165.0,140.0,97.0,44.0,20.0,3.0,3.0,0.0,146.0,4.0,4.0,4.0,4.0,4.0,4.0,7.0,13.0,16.0,23.0,35.0,55.0,80.0,123.0,176.0,200.0,217.0,217.0,220.0,74.0,0.0,0.0,0.0,0.0,0.0,0.0,3.0,9.0,12.0,19.0,31.0,51.0,76.0,119.0,172.0,196.0,213.0,213.0,216.0,70.0,0.8090909090909091,0.686676640624386,0.8090909090909091,0.8954545454545455,0.9120370370370371,1.0,0.0,0.0,0.5285240827409274,0.9036697247706422,0.00875979714153988,0.8090909090909091,135.27529820300404,197,23,19,0,2,0,0,12.0,2169,0.9036697247706422,0.8954545454545455,0.9120370370370371,197,23,19,216,220,2,2
0045,0.970291010574968,0.6056655373407503,0.5876718262967877,0.970291010574968,0.970291010574968,0.9590141409388409,0.9590141409388409,0.9535257702980738,0.9481347715263079,0.9042076803784709,0.8585971913914879,0.8021853744578451,0.7080486740816869,0.5836152606282556,0.4418348513617134,0.30345658673210346,0.16850598177643958,0.09586403743541885,0.04795808982526232,0.01579048373665153,0.0026322990999959146,0.0,0.5627877555661753,0.9701492537313433,0.9701492537313433,0.9584569732937686,0.9584569732937686,0.9526627218934911,0.9469026548672567,0.9020172910662824,0.8539325842696629,0.7934782608695652,0.6879795396419437,0.5420560747663551,0.36645962732919257,0.2222222222222222,0.116751269035533,0.06796116504854369,0.03286384976525822,0.013824884792626729,0.0015174506828528073,0.0,0.54514958159479,0.9704327881319031,0.9704327881319031,0.9595716324751188,0.9595716324751188,0.954389600566512,0.9493684914245661,0.9064033886633516,0.8632872789317929,0.810988034239106,0.728703247671801,0.6283607698428617,0.5327136233276306,0.4143865501399439,0.2432030600523927,0.13522301548031385,0.06998505641050412,0.01803554824344268,0.0045662100456621,0.0,0.5852433008554697,0.975975975975976,0.975975975975976,0.96996996996997,0.96996996996997,0.9669669669669669,0.963963963963964,0.93993993993994,0.9129129129129129,0.8768768768768769,0.8078078078078078,0.6966966966966966,0.5315315315315315,0.36036036036036034,0.2072072072072072,0.12612612612612611,0.06306306306306306,0.02702702702702703,0.003003003003003003,0.0,0.5987039671250197,0.9938837920489296,0.9938837920489296,0.9877675840978594,0.9877675840978594,0.9847094801223242,0.981651376146789,0.9571865443425076,0.9296636085626911,0.8929663608562691,0.8226299694189603,0.709480122324159,0.5412844036697247,0.3669724770642202,0.21100917431192662,0.12844036697247707,0.06422018348623854,0.027522935779816515,0.0030581039755351682,0.0,0.6096893610172219,0.976049896049896,0.976049896049896,0.9702674811033943,0.9702674811033943,0.9674332717810978,0.9646375347309927,0.941225570618542,0.9158368895211,0.8826977662594102,0.8240396530359356,0.7381950916433675,0.6418791673028961,0.5406906906906906,0.37198067632850246,0.23037323037323038,0.12827112827112824,0.035035035035035036,0.009009009009009009,0.0,0.6359968141530272,0.9939590684544815,0.9939590684544815,0.9880705541511632,0.9880705541511632,0.9851843409880905,0.9823373060104603,0.9584957645748453,0.9326412361178175,0.8988940555485736,0.8391596466696225,0.7517399557102182,0.6536567667029493,0.5506116207951071,0.37880600983911716,0.23460026212319793,0.13062472695500219,0.03567787971457696,0.009174311926605505,0.0,0.6476664804677617,0.6056655373407503,0.6056655373407503,0.608666853160967,0.608666853160967,0.6098983613629538,0.6108865714393829,0.6182265880594401,0.6254736790866888,0.6337028282239822,0.6468516498682976,0.6664503951518068,0.6965904736308256,0.7313313166022712,0.774765478590934,0.8063528233997366,0.847588361993883,0.8811480821284744,0.9090909090909091,1.0,0.7098432789280537,0.973200435427421,0.973200435427421,0.9647567919097155,0.9647567919097155,0.9606577004139483,0.956638392631256,0.9230193642072677,0.8877534029730809,0.8432891880298863,0.7672367125237084,0.661647090738949,0.5321222491825041,0.3864304420421827,0.22448480317763828,0.13059538699979095,0.06643396741041173,0.02207820757721911,0.003703018023108417,0.0,0.5916844410844856,325.0,325.0,323.0,323.0,322.0,321.0,313.0,304.0,292.0,269.0,232.0,177.0,120.0,69.0,42.0,21.0,9.0,1.0,0.0,199.3684210526316,8.0,8.0,10.0,10.0,11.0,12.0,20.0,29.0,41.0,64.0,101.0,156.0,213.0,264.0,291.0,312.0,324.0,332.0,333.0,133.6315789473684,2.0,2.0,4.0,4.0,5.0,6.0,14.0,23.0,35.0,58.0,95.0,150.0,207.0,258.0,285.0,306.0,318.0,326.0,327.0,127.63157894736842,0.6336336336336337,0.6468516498682976,0.6336336336336337,0.8078078078078078,0.8226299694189603,0.3333333333333333,0.6666666666666666,0.0,0.348357639082799,0.8151515151515152,0.026411657559198543,0.6336336336336337,174.00309381457205,269,64,58,0,1,2,0,37.0,2196,0.8151515151515152,0.8078078078078078,0.8226299694189603,269,64,58,327,333,3,3
0046,0.8614512672111242,0.6307736836955774,0.5433807891429839,0.8614512672111242,0.8614512672111242,0.8614512672111242,0.8614512672111242,0.8599298077041064,0.8599298077041064,0.8578527362952709,0.8313682549862378,0.7476311031876528,0.7108328880729231,0.5981990694323147,0.48622277376105666,0.37414618454574883,0.22439937401375384,0.10475825285022038,0.036985860907745916,0.013573582370605988,0.0026863963748820375,0.0,0.5344379558447959,0.9625,0.9625,0.9625,0.9625,0.956386292834891,0.956386292834891,0.9503105590062112,0.9088145896656535,0.7942857142857143,0.7493036211699164,0.5939086294416244,0.4470046082949309,0.3138075313807531,0.19165085388994307,0.09027777777777778,0.03289473684210526,0.011272141706924315,0.001594896331738437,0.0,0.5709420129191091,0.7710112060048329,0.7710112060048329,0.7710112060048329,0.7710112060048329,0.7732014560623611,0.7732014560623611,0.7743903402892461,0.7605216545358715,0.7037168822257388,0.674337318665529,0.6025205038797298,0.5288817639390244,0.4460867041469844,0.26274382835091026,0.12156138321486319,0.04158579877544867,0.016344909704111364,0.004524886877828055,0.0,0.5035612479341758,0.9716088328075709,0.9716088328075709,0.9716088328075709,0.9716088328075709,0.9684542586750788,0.9684542586750788,0.9652996845425867,0.943217665615142,0.8769716088328076,0.8485804416403786,0.7381703470031545,0.61198738170347,0.47318611987381703,0.3186119873817035,0.1640378548895899,0.06309148264984227,0.022082018927444796,0.0031545741324921135,0.0,0.6237755271459406,0.9903536977491961,0.9903536977491961,0.9903536977491961,0.9903536977491961,0.9871382636655949,0.9871382636655949,0.9839228295819936,0.9614147909967846,0.8938906752411575,0.864951768488746,0.752411575562701,0.6237942122186495,0.48231511254019294,0.3247588424437299,0.16720257234726688,0.06430868167202572,0.022508038585209004,0.003215434083601286,0.0,0.6358097816889492,0.7710739721108385,0.7710739721108385,0.7710739721108385,0.7710739721108385,0.7732703883276543,0.7732703883276543,0.7745675331064326,0.7698090537326161,0.7394714412801555,0.7208444686184822,0.6715313882652592,0.6119238641582341,0.5554429083461342,0.3819761296406138,0.19827668970814136,0.07139496927803379,0.028088654816765417,0.008928571428571428,0.0,0.5348995967093737,0.9969851576994434,0.9969851576994434,0.9969851576994434,0.9969851576994434,0.9943694741740343,0.9943694741740343,0.9912646540097519,0.9721322156104765,0.9124345678302515,0.8884391940154022,0.7951001040744631,0.7027285143264524,0.6074294594294595,0.42807599441262817,0.2560972147510609,0.10692501942501945,0.04764124764124764,0.00909090909090909,0.0,0.6681072986191035,0.6307736836955774,0.6307736836955774,0.6307736836955774,0.6307736836955774,0.6321373725280672,0.6321373725280672,0.6331432975221971,0.6391738305945962,0.6556692580979211,0.6622170258214344,0.6831345379984785,0.7069649915309213,0.7317397782858318,0.760500400206482,0.7975752118297212,0.8422980823455889,0.8838868880885687,0.9411764705882353,1.0,0.7223604869867589,0.8655179362369756,0.8655179362369756,0.8655179362369756,0.8655179362369756,0.8653382245904577,0.8653382245904577,0.8645916673170264,0.8469577673302785,0.7855824122065829,0.7564584983247814,0.6669053676687687,0.5689191207401596,0.45943665141411055,0.28933256526557927,0.14121143204421363,0.05122216026214681,0.018998121103245006,0.0037781068139015584,0.0,0.560323266558927,308.0,308.0,308.0,308.0,307.0,307.0,306.0,299.0,278.0,269.0,234.0,194.0,150.0,101.0,52.0,20.0,7.0,1.0,0.0,197.73684210526315,9.0,9.0,9.0,9.0,10.0,10.0,11.0,18.0,39.0,48.0,83.0,123.0,167.0,216.0,265.0,297.0,310.0,316.0,317.0,119.26315789473684,3.0,3.0,3.0,3.0,4.0,4.0,5.0,12.0,33.0,42.0,77.0,117.0,161.0,210.0,259.0,291.0,304.0,310.0,311.0,113.26315789473684,0.7034700315457413,0.6617230596289333,0.722397476340694,0.8517350157728707,0.8681672025723473,0.6666666666666666,0.3333333333333333,0.0,0.41534771640319246,0.8598726114649682,0.01854364540931705,0.7199427405350673,178.665226099812,270,47,41,6,2,1,0,29.0,2211,0.7356687898089171,0.7287066246056783,0.7427652733118971,231,86,80,311,317,9,3
0047,0.8805881357408163,0.5812863791004411,0.5118738889035869,0.8805881357408163,0.8805881357408163,0.8805881357408163,0.874827870603155,0.8636186817362346,0.8133045616657125,0.753049436776184,0.6710980897136808,0.6497762105842121,0.5577832316598548,0.4982141629152071,0.37564919805573477,0.2700805293351291,0.15717767018631199,0.05642914630058698,0.016206276807129272,0.0059658373920245,0.0,0.0,0.4844708058396635,0.9674556213017751,0.9674556213017751,0.9674556213017751,0.9616519174041298,0.9501466275659824,0.8945868945868946,0.8169398907103825,0.6964285714285714,0.6460396039603961,0.5501165501165501,0.4745011086474501,0.3516260162601626,0.24765478424015008,0.1386986301369863,0.05055292259083728,0.0121765601217656,0.004531722054380665,0.0,0.0,0.5104220349331561,0.8015204498621725,0.8015204498621725,0.8015204498621725,0.7958428505502857,0.7849706622171191,0.7394075567490961,0.6941556663805606,0.6466889276146587,0.6535344292407511,0.5655567596630122,0.5231122701416567,0.4013136499419595,0.2945369803767265,0.17811870225969242,0.06298841667346439,0.02156958987783595,0.007853794950569143,0.0,0.0,0.4618006108538897,0.9732142857142857,0.9732142857142857,0.9732142857142857,0.9702380952380952,0.9642857142857143,0.9345238095238095,0.8898809523809523,0.8125,0.7767857142857143,0.7023809523809523,0.6369047619047619,0.5148809523809523,0.39285714285714285,0.24107142857142858,0.09523809523809523,0.023809523809523808,0.008928571428571428,0.0,0.0,0.5728383458646616,0.993920972644377,0.993920972644377,0.993920972644377,0.9908814589665653,0.9848024316109423,0.9544072948328267,0.9088145896656535,0.8297872340425532,0.7933130699088146,0.7173252279635258,0.6504559270516718,0.5258358662613982,0.4012158054711246,0.24620060790273557,0.0972644376899696,0.0243161094224924,0.00911854103343465,0.0,0.0,0.5850263957766756,0.8043632590650938,0.8043632590650938,0.8043632590650938,0.8012160385626641,0.7950286596119928,0.7663216560509553,0.7308588150979454,0.6857339089481945,0.6875,0.6270429782082325,0.5921228304405873,0.48931668042939713,0.3875811688311688,0.261794532627866,0.10491071428571427,0.037946428571428575,0.014880952380952378,0.0,0.0,0.49449184953907266,0.9940397934588966,0.9940397934588966,0.9940397934588966,0.9909838073586603,0.9849950342649256,0.9576171629302176,0.925293187112027,0.887875863599158,0.8796518769685201,0.8272237826069666,0.796419624032075,0.6868880776691036,0.5780613854659994,0.389225774470106,0.15768941922563418,0.04771639964396974,0.01642931315828512,0.0,0.0,0.6372731625727548,0.5812863791004411,0.5812863791004411,0.5812863791004411,0.5824906954618443,0.5847234823426013,0.5948122795652674,0.6086856972915974,0.6309168833774529,0.6403244956967957,0.6579509167963113,0.6713161711589295,0.6966763792882554,0.7196164247664599,0.7492430543108768,0.7870382285918531,0.8368819446411209,0.8697448872021928,1.0,1.0,0.7039095093575202,0.8832050453309284,0.8832050453309284,0.8832050453309284,0.8787246732775661,0.8700206869433421,0.8312604686401596,0.7859490476483624,0.7248687837718701,0.7124999708267247,0.630266844659936,0.5772111362959237,0.4545643565938625,0.34016313230062295,0.2072180735578656,0.07745254563953484,0.022661898944219102,0.008373957797929854,0.0,0.0,0.5142553006784581,327.0,327.0,327.0,326.0,324.0,314.0,299.0,273.0,261.0,236.0,214.0,173.0,132.0,81.0,32.0,8.0,3.0,0.0,0.0,192.47368421052633,9.0,9.0,9.0,10.0,12.0,22.0,37.0,63.0,75.0,100.0,122.0,163.0,204.0,255.0,304.0,328.0,333.0,336.0,336.0,143.52631578947367,2.0,2.0,2.0,3.0,5.0,15.0,30.0,56.0,68.0,93.0,115.0,156.0,197.0,248.0,297.0,321.0,326.0,329.0,329.0,136.52631578947367,0.40773809523809523,0.6579509167963113,0.4255952380952381,0.7023809523809523,0.7173252279635258,0.6666666666666666,0.3333333333333333,0.0,0.1674893344164568,0.7097744360902256,0.04161073825503356,0.4232793117548106,155.27641636392948,236,100,93,6,2,1,0,34.0,2235,0.6225563909774436,0.6160714285714286,0.6291793313069909,207,129,122,329,336,9,3
0048,0.8632071948838055,0.5809411079023662,0.5014725441450917,0.8632071948838055,0.8632071948838055,0.8540742341209141,0.8341309744515989,0.8319261837997614,0.819628967014147,0.7697639788720146,0.7381052259276255,0.6974856336322913,0.6628580704989175,0.5815650494746823,0.4588425451792779,0.3087056746460346,0.1698138962500965,0.08771439481153097,0.038497742374827525,0.008170869125057522,0.0027067292140068224,0.0027067292140068224,0.5049005941249686,0.9811320754716981,0.9811320754716981,0.96875,0.926605504587156,0.9207317073170732,0.8862275449101796,0.7897727272727273,0.7166212534059946,0.6195372750642674,0.5829145728643216,0.4858490566037736,0.3785557986870897,0.24752475247524752,0.1310592459605027,0.06960950764006792,0.029411764705882353,0.004784688995215311,0.001589825119236884,0.001589825119236884,0.5117578527195455,0.7594560201703059,0.7594560201703059,0.7529732102082332,0.7508853326417183,0.7516860446876029,0.7580351653781702,0.7502621484728206,0.7602332779725981,0.7852412255145964,0.7537653750300349,0.69613782752761,0.556157063230261,0.385008741977,0.22002842415505017,0.11052822118690718,0.050390589710592085,0.013953488372093023,0.004608294930875576,0.004608294930875576,0.506495514014087,0.9811320754716981,0.9811320754716981,0.9748427672955975,0.9528301886792453,0.949685534591195,0.9308176100628931,0.8742138364779874,0.8270440251572327,0.7578616352201258,0.7295597484276729,0.6477987421383647,0.5440251572327044,0.39308176100628933,0.22955974842767296,0.1289308176100629,0.05660377358490566,0.009433962264150943,0.0031446540880503146,0.0031446540880503146,0.5776233035418736,1.0,1.0,0.9935897435897436,0.9711538461538461,0.967948717948718,0.9487179487179487,0.8910256410256411,0.842948717948718,0.7724358974358975,0.7435897435897436,0.6602564102564102,0.5544871794871795,0.40064102564102566,0.23397435897435898,0.13141025641025642,0.057692307692307696,0.009615384615384616,0.003205128205128205,0.003205128205128205,0.5887314439946019,0.7594560201703059,0.7594560201703059,0.7562403495122388,0.7582352112762297,0.7592254481563849,0.7663415734844308,0.7713871945115522,0.7874284867766672,0.8211664446993434,0.8041312136139721,0.7779617054235638,0.6798342037813548,0.5395695732838591,0.3478969171728467,0.19406760486899857,0.09400123685837972,0.02727272727272727,0.00909090909090909,0.00909090909090909,0.5485186183797358,1.0,1.0,0.9936934630483016,0.9732341488117064,0.9699782296384656,0.9549937359719968,0.9154060188702041,0.8981764881335057,0.899000407587815,0.876812387457065,0.8258184977475818,0.7122952378292916,0.5527005291005291,0.35594332101181414,0.1988385598141696,0.0970164609053498,0.027777777777777776,0.009259259259259259,0.009259259259259259,0.645800199064426,0.5809411079023662,0.5809411079023662,0.5838345430318492,0.5932559121584886,0.5945232287027569,0.6007604499250647,0.6187535577941479,0.6330148606038933,0.652080710819339,0.6588153433599732,0.6761085006613144,0.6954507571983689,0.7220623657534709,0.7605342432135433,0.7936495434599292,0.8356644822473476,0.9153439153439153,1.0,1.0,0.7103018226356914,0.8632071948838055,0.8632071948838055,0.8567557924746372,0.8458523589714024,0.8449055350711623,0.8399955243814924,0.8098700829025862,0.7929353001808753,0.77142997038665,0.7415638053332989,0.6715334757309718,0.5500576640407093,0.38902431067882537,0.22474356430378742,0.11937543267613239,0.05340690527252287,0.011473303044703148,0.003806769430017981,0.003806769430017981,0.5398395238988107,312.0,312.0,310.0,303.0,302.0,296.0,278.0,263.0,241.0,232.0,206.0,173.0,125.0,73.0,41.0,18.0,3.0,1.0,1.0,183.68421052631578,6.0,6.0,8.0,15.0,16.0,22.0,40.0,55.0,77.0,86.0,112.0,145.0,193.0,245.0,277.0,300.0,315.0,317.0,317.0,134.31578947368422,0.0,0.0,2.0,9.0,10.0,16.0,34.0,49.0,71.0,80.0,106.0,139.0,187.0,239.0,271.0,294.0,309.0,311.0,311.0,128.31578947368422,0.46855345911949686,0.6588153433599732,0.4779874213836478,0.7295597484276729,0.7435897435897436,0.6666666666666666,0.3333333333333333,0.0,0.2196388668538169,0.7365079365079366,0.03691739732348869,0.47648704007949794,152.84515965951377,232,86,80,3,2,1,0,25.0,2167,0.7047619047619048,0.6981132075471698,0.7115384615384616,222,96,90,312,318,6,3
0049,0.990909090909091,0.6348376119475378,0.629066360929833,0.990909090909091,0.990909090909091,0.990909090909091,0.990909090909091,0.990909090909091,0.9789520661426581,0.9673158744300744,0.9443543606106496,0.9011325264809416,0.8167274325733893,0.69415139710724,0.5270488767694217,0.3346449182557284,0.17910428675640536,0.09015961227894195,0.03187705953163755,0.00996822928172368,0.005932898957591164,0.0,0.601890262827466,0.990909090909091,0.990909090909091,0.990909090909091,0.990909090909091,0.990909090909091,0.9789156626506024,0.9670658682634731,0.9437869822485208,0.8988439306358381,0.8099173553719008,0.6760204081632653,0.48642533936651583,0.2907662082514735,0.15873015873015872,0.07881773399014778,0.029780564263322883,0.009216589861751152,0.0045871559633027525,0.0,0.5940747059108279,0.990909090909091,0.990909090909091,0.990909090909091,0.990909090909091,0.990909090909091,0.9789884709884711,0.9675659452283469,0.9449220800647958,0.9034269494454855,0.823594771359881,0.7127686624359467,0.5710650659475712,0.38514524087176366,0.20209357686748028,0.10313358776979348,0.034121144092458644,0.010781167058911953,0.007673445228935019,0.0,0.6105171348371209,0.990909090909091,0.990909090909091,0.990909090909091,0.990909090909091,0.990909090909091,0.9848484848484849,0.9787878787878788,0.9666666666666667,0.9424242424242424,0.8909090909090909,0.803030303030303,0.6515151515151515,0.4484848484848485,0.2727272727272727,0.14545454545454545,0.05757575757575758,0.01818181818181818,0.00909090909090909,0.0,0.6381180223285486,1.0,1.0,1.0,1.0,1.0,0.9938837920489296,0.9877675840978594,0.9755351681957186,0.9510703363914373,0.8990825688073395,0.8103975535168195,0.6574923547400612,0.4525993883792049,0.27522935779816515,0.14678899082568808,0.0581039755351682,0.01834862385321101,0.009174311926605505,0.0,0.6439723161113794,0.990909090909091,0.990909090909091,0.990909090909091,0.990909090909091,0.990909090909091,0.9848671328671328,0.978919223191669,0.9669706469079511,0.9437299035369775,0.8954236239950526,0.8188336192109777,0.7026215644820296,0.535012285012285,0.3290909090909091,0.18446969696969698,0.06555023923444976,0.02121212121212121,0.015151515151515152,0.0,0.6524419966004329,1.0,1.0,1.0,1.0,1.0,0.9939026111503176,0.9879001334961798,0.975841937246556,0.9523879760464912,0.9036385196280348,0.8263458542496106,0.7090676338809473,0.5399206545995536,0.3321100917431193,0.18616207951070338,0.06615161757605022,0.02140672782874618,0.015290519877675842,0.0,0.6584277029912624,0.6348376119475378,0.6348376119475378,0.6348376119475378,0.6348376119475378,0.6348376119475378,0.6371154022645787,0.6391721435119057,0.6424250245200093,0.6480853901077441,0.6580966077703798,0.6723920086736869,0.6965425252976503,0.7291268704994409,0.7624814966149207,0.7987356241682494,0.8444083591845396,0.8955501646513806,0.9223113487819369,1.0,0.722138475041269,0.990909090909091,0.990909090909091,0.990909090909091,0.990909090909091,0.990909090909091,0.9819141063948162,0.9731607365268302,0.955732534444637,0.9227195990206375,0.8565909578262615,0.7565545816307254,0.6099651981595686,0.41561015988186983,0.23476888647085956,0.12247958658548688,0.04432325259358672,0.014000757809952453,0.008352160977275183,0.0,0.623721998571998,327.0,327.0,327.0,327.0,327.0,325.0,323.0,319.0,311.0,294.0,265.0,215.0,148.0,90.0,48.0,19.0,6.0,3.0,0.0,210.57894736842104,3.0,3.0,3.0,3.0,3.0,5.0,7.0,11.0,19.0,36.0,65.0,115.0,182.0,240.0,282.0,311.0,324.0,327.0,330.0,119.42105263157895,0.0,0.0,0.0,0.0,0.0,2.0,4.0,8.0,16.0,33.0,62.0,112.0,179.0,237.0,279.0,308.0,321.0,324.0,327.0,116.42105263157895,0.7909090909090909,0.6580966077703798,0.7909090909090909,0.8909090909090909,0.8990825688073395,1.0,0.0,0.0,0.4863042505590656,0.8949771689497716,0.015130674002751032,0.7909090909090909,193.48040268449165,294,36,33,0,3,0,0,21.0,2181,0.8949771689497716,0.8909090909090909,0.8990825688073395,294,36,33,327,330,3,3
0063,0.6400406236385824,0.5697377123434209,0.36465528071870235,0.6400406236385824,0.6400406236385824,0.6400406236385824,0.6400406236385824,0.6400406236385824,0.6282601180093695,0.5988403069136365,0.5739484419626752,0.4906512230901476,0.39073978124434694,0.2900833066072744,0.2045670951929953,0.137154682864181,0.07561871357488724,0.03502486915070214,0.017947975127206348,0.010484216724879902,0.004857553875726782,0.0,0.3504411264489969,0.9830508474576272,0.9830508474576272,0.9830508474576272,0.9830508474576272,0.9830508474576272,0.9630872483221476,0.9117647058823529,0.8690095846645367,0.7256637168141593,0.5435356200527705,0.36682242990654207,0.25,0.14931237721021612,0.08133086876155268,0.03907637655417407,0.01916376306620209,0.012110726643598616,0.003430531732418525,0.0,0.5183980098367793,0.4167149654233149,0.4167149654233149,0.4167149654233149,0.4167149654233149,0.4167149654233149,0.4098390634584731,0.393313878976459,0.3790715543817011,0.33174956545541373,0.28089709489887166,0.22939798090768068,0.16739078574279997,0.12598692340883155,0.0703077432934539,0.0313934291559274,0.016809319237250306,0.009076152370456763,0.006878184344603983,0.0,0.23872034224992095,0.9830508474576272,0.9830508474576272,0.9830508474576272,0.9830508474576272,0.9830508474576272,0.9728813559322034,0.9457627118644067,0.9220338983050848,0.8338983050847457,0.6983050847457627,0.5322033898305085,0.39661016949152544,0.2576271186440678,0.14915254237288136,0.07457627118644068,0.03728813559322034,0.023728813559322035,0.006779661016949152,0.0,0.5666369313113292,1.0,1.0,1.0,1.0,1.0,0.9896551724137931,0.9620689655172414,0.9379310344827586,0.8482758620689655,0.7103448275862069,0.5413793103448276,0.40344827586206894,0.2620689655172414,0.15172413793103448,0.07586206896551724,0.03793103448275862,0.02413793103448276,0.006896551724137931,0.0,0.5764065335753176,0.4167149654233149,0.4167149654233149,0.4167149654233149,0.4167149654233149,0.4167149654233149,0.4119208592403303,0.40029399498183477,0.39013229254291093,0.3529397323467617,0.3116574893144382,0.265783930697514,0.20575280680617755,0.15886438677132056,0.09557627797381371,0.04443038660352246,0.023936956387160677,0.012869363782285129,0.010163432073544433,0.0,0.2509419335072731,1.0,1.0,1.0,1.0,1.0,0.9899829648569016,0.9656457866678888,0.9423960800710693,0.8623215001842749,0.7373400785004184,0.6038287332572395,0.459580307597062,0.3559380323142312,0.2066174284411251,0.10075774536045938,0.05664975986605496,0.03540091249156465,0.02101723413198823,0.0,0.5967092928284357,0.5697377123434209,0.5697377123434209,0.5697377123434209,0.5697377123434209,0.5697377123434209,0.5727032872934015,0.5797232413670189,0.5849339656219928,0.602440654954862,0.6278101118093856,0.6599116371695093,0.6899805263517517,0.726290429624427,0.7683777216441409,0.8134580589463364,0.8635884230711817,0.8912218733647305,0.9198717948717949,1.0,0.6920526467267177,0.6400406236385824,0.6400406236385824,0.6400406236385824,0.6400406236385824,0.6400406236385824,0.6314465802991285,0.6099029437498108,0.5911994781993027,0.525970912072018,0.4428903585067021,0.34940861903985987,0.25766041198595396,0.18016006234637055,0.10240399728877066,0.04838599886542341,0.025035737954937867,0.014675364644006882,0.006828744999522356,0.0,0.36769328042866944,290.0,290.0,290.0,290.0,290.0,287.0,279.0,272.0,246.0,206.0,157.0,117.0,76.0,44.0,22.0,11.0,7.0,2.0,0.0,167.1578947368421,5.0,5.0,5.0,5.0,5.0,8.0,16.0,23.0,49.0,89.0,138.0,178.0,219.0,251.0,273.0,284.0,288.0,293.0,295.0,127.84210526315789,0.0,0.0,0.0,0.0,0.0,3.0,11.0,18.0,44.0,84.0,133.0,173.0,214.0,246.0,268.0,279.0,283.0,288.0,290.0,122.84210526315789,0.39322033898305087,0.6278101118093856,0.4135593220338983,0.6983050847457627,0.7103448275862069,0.0,1.0,0.0,0.13331824756858796,0.7042735042735043,0.0380952380952381,0.4109215211851402,129.32888303273344,206,89,84,6,0,3,0,50.0,2205,0.39658119658119656,0.39322033898305087,0.4,116,179,174,290,295,10,3
0064,0.6794296465688751,0.49776559379847524,0.3381967014686443,0.6794296465688751,0.6794296465688751,0.6794296465688751,0.6694815151049419,0.6524029957219983,0.6158905381108641,0.5121964233433993,0.43260609104353476,0.32840936125580394,0.2799923681016716,0.19254275837824655,0.1089254914435207,0.07717006280888028,0.029093982343196007,0.01965704160702015,0.009358957437600355,0.004425743025423047,0.0033102421762456554,0.0033102421762456554,0.31458225019922204,0.9737609329446064,0.9737609329446064,0.9737609329446064,0.9623188405797102,0.9342857142857143,0.8805555555555555,0.7182741116751269,0.585480093676815,0.4282700421940928,0.34860557768924305,0.21762589928057555,0.12086092715231789,0.0832,0.03201219512195122,0.021116138763197588,0.00744047619047619,0.002962962962962963,0.0014792899408284023,0.0014792899408284023,0.435118416518064,0.4740636320670369,0.4740636320670369,0.4740636320670369,0.4657557143921293,0.4555669238209884,0.43077481317481486,0.365243814055808,0.31964883525360777,0.25183341801798526,0.2248837402856077,0.17035065185926057,0.09816872140373083,0.07157714656161691,0.02644179211583561,0.018298766127335744,0.011772107332448736,0.00661068044788975,0.007407407407407408,0.007407407407407408,0.22915435978236756,0.9794721407624634,0.9794721407624634,0.9794721407624634,0.9736070381231672,0.9589442815249267,0.9296187683284457,0.8299120234604106,0.7331378299120235,0.5953079178885631,0.5131964809384164,0.3548387096774194,0.21407624633431085,0.15249266862170088,0.06158357771260997,0.04105571847507331,0.01466275659824047,0.005865102639296188,0.002932551319648094,0.002932551319648094,0.49066213921901536,0.9940476190476191,0.9940476190476191,0.9940476190476191,0.9880952380952381,0.9732142857142857,0.9434523809523809,0.8422619047619048,0.7440476190476191,0.6041666666666666,0.5208333333333334,0.3601190476190476,0.21726190476190477,0.15476190476190477,0.0625,0.041666666666666664,0.01488095238095238,0.005952380952380952,0.002976190476190476,0.002976190476190476,0.49796365914786955,0.4741335730476094,0.4741335730476094,0.4741335730476094,0.4686173264486517,0.46192129886734146,0.4444723662870484,0.39301727997900965,0.3527518966908798,0.2880739671672292,0.2599372766055575,0.20196172599870596,0.12518270368281975,0.09296423915067983,0.03548560667204735,0.026086705868788196,0.01609362389023406,0.008999192897497982,0.009523809523809525,0.009523809523809525,0.24300071307352308,0.994544244843646,0.994544244843646,0.994544244843646,0.9886324414122353,0.9748228924454354,0.9458475771162963,0.8595819536107248,0.7900543192142638,0.6888648316577103,0.6281975460360837,0.5085458309812545,0.3154440266526085,0.24523443970151343,0.10306639254668282,0.06082238532653624,0.04363059468294793,0.025219941348973606,0.03225806451612903,0.03225806451612903,0.5382165282261296,0.49776559379847524,0.49776559379847524,0.49776559379847524,0.4996167347823445,0.5037211832093467,0.5112369599199542,0.5333531764249599,0.5553195232432958,0.5869027956843518,0.6047541379063218,0.6425659772749985,0.6883040032808622,0.7143007194147384,0.7702472500116192,0.7981958143683212,0.8647619047619047,0.9285714285714286,1.0,1.0,0.6681657047499934,0.6814191959127138,0.6814191959127138,0.6814191959127138,0.6733966450601464,0.660956349882531,0.6328162065327402,0.5505635592549271,0.48409364116019526,0.38719301095841974,0.33971980238844285,0.24585972728051111,0.14496755287149402,0.10447482994246779,0.040353192681945746,0.027409286575266853,0.01313817127548799,0.006226742273650153,0.004660751266455191,0.004660751266455191,0.3349867267583831,334.0,334.0,334.0,332.0,327.0,317.0,283.0,250.0,203.0,175.0,121.0,73.0,52.0,21.0,14.0,5.0,2.0,1.0,1.0,167.31578947368422,7.0,7.0,7.0,9.0,14.0,24.0,58.0,91.0,138.0,166.0,220.0,268.0,289.0,320.0,327.0,336.0,339.0,340.0,340.0,173.68421052631578,2.0,2.0,2.0,4.0,9.0,19.0,53.0,86.0,133.0,161.0,215.0,263.0,284.0,315.0,322.0,331.0,334.0,335.0,335.0,168.68421052631578,0.02346041055718475,0.6047541379063218,0.04105571847507331,0.5131964809384164,0.5208333333333334,0.0,1.0,0.0,-0.17937837497476153,0.51698670605613,0.06880341880341881,0.038773749998874944,105.83197413360632,175,166,161,6,0,3,0,62.0,2340,0.31314623338257014,0.31085043988269795,0.31547619047619047,106,235,230,336,341,9,3
0065,0.7413672329739829,0.5816408214154085,0.43120944635745595,0.7413672329739829,0.7413672329739829,0.7413672329739829,0.7365891944886999,0.7365891944886999,0.7245435352947617,0.7000908444325187,0.6475156683638312,0.5612553027701381,0.45759034162915346,0.35081655406964457,0.24848153936237094,0.13588832670307757,0.07448238967564755,0.03187218916952251,0.021517870232332946,0.010189671758800655,0.0,0.0,0.4032381221769025,0.9745222929936306,0.9745222929936306,0.9745222929936306,0.9682539682539683,0.9682539682539683,0.9558359621451105,0.9254658385093167,0.8562874251497006,0.7415730337078652,0.5938303341902313,0.44522144522144524,0.30526315789473685,0.1588785046728972,0.08391608391608392,0.03678929765886288,0.0231023102310231,0.006493506493506494,0.0,0.0,0.5259332481726109,0.5639946649543626,0.5639946649543626,0.5639946649543626,0.5603526132879219,0.5603526132879219,0.5492190661662238,0.5296005212333972,0.48964463153637805,0.4247828609847932,0.35260731676467105,0.27642930485544315,0.2022617987368925,0.11622489380913947,0.06610921426389052,0.02761228148135368,0.02004209685980895,0.01598972922502334,0.0,0.0,0.30964278617662877,0.9807692307692307,0.9807692307692307,0.9807692307692307,0.9775641025641025,0.9775641025641025,0.9711538461538461,0.9551282051282052,0.9166666666666666,0.8461538461538461,0.7403846153846154,0.6121794871794872,0.46474358974358976,0.2724358974358974,0.15384615384615385,0.07051282051282051,0.04487179487179487,0.01282051282051282,0.0,0.0,0.5767543859649124,0.9935064935064936,0.9935064935064936,0.9935064935064936,0.9902597402597403,0.9902597402597403,0.9837662337662337,0.9675324675324676,0.9285714285714286,0.8571428571428571,0.75,0.6201298701298701,0.4707792207792208,0.275974025974026,0.15584415584415584,0.07142857142857142,0.045454545454545456,0.012987012987012988,0.0,0.0,0.5842447026657552,0.5663225444208903,0.5663225444208903,0.5663225444208903,0.5639917077705578,0.5639917077705578,0.556924884821087,0.5441389902020999,0.5168612168273178,0.46430817147135267,0.39957066467661445,0.3287217984673871,0.2585072083400115,0.16042842602017215,0.09411360573512419,0.04168287065945991,0.03144965056226275,0.023431883537023725,0.0,0.0,0.32879423263808943,0.9936650138982795,0.9936650138982795,0.9936650138982795,0.990415996289371,0.990415996289371,0.9840555540965237,0.9687760727277043,0.9306375363401013,0.8706306247758926,0.7838982204719549,0.6713047709506572,0.504301540394654,0.3079568984882739,0.19037928526189715,0.0840063397106684,0.06210773208205343,0.05441810344827586,0.0,0.0,0.5986473533169598,0.5816408214154085,0.5816408214154085,0.5816408214154085,0.5830088780048235,0.5830088780048235,0.5851858004457456,0.5893822653097756,0.598464159657344,0.6131814444155401,0.6328993903725338,0.6550968777416437,0.6812523609750147,0.7218403250200245,0.7611137025692817,0.8074619515646777,0.8300178037475535,0.8616071428571429,1.0,1.0,0.6972864971016921,0.7437396141831092,0.7437396141831092,0.7437396141831092,0.74012201664878,0.74012201664878,0.7303260973622345,0.7112217623783854,0.6699559032068304,0.5995261892549126,0.5109452344475015,0.41136887350380236,0.3065939895252007,0.17794334280687432,0.10084963236567028,0.044125047853165775,0.029988745540518884,0.01431769983363041,0.0,0.0,0.42203291546976923,306.0,306.0,306.0,305.0,305.0,303.0,298.0,286.0,264.0,231.0,191.0,145.0,85.0,48.0,22.0,14.0,4.0,0.0,0.0,179.94736842105263,6.0,6.0,6.0,7.0,7.0,9.0,14.0,26.0,48.0,81.0,121.0,167.0,227.0,264.0,290.0,298.0,308.0,312.0,312.0,132.05263157894737,2.0,2.0,2.0,3.0,3.0,5.0,10.0,22.0,44.0,77.0,117.0,163.0,223.0,260.0,286.0,294.0,304.0,308.0,308.0,128.05263157894737,0.4807692307692308,0.6328993903725338,0.4935897435897436,0.7403846153846154,0.75,0.6666666666666666,0.3333333333333333,0.0,0.20897358710274141,0.7451612903225806,0.03473161930536761,0.4916600641303591,146.19975917605532,231,81,77,4,2,1,0,45.0,2217,0.4838709677419355,0.4807692307692308,0.487012987012987,150,162,158,308,312,7,3
0066,0.683278807961705,0.5768273973689003,0.39413393647387496,0.683278807961705,0.683278807961705,0.683278807961705,0.683278807961705,0.683278807961705,0.6749893037856998,0.656428603274788,0.6073269233812622,0.5038112669362059,0.4262927279727854,0.3468628380479285,0.24022961640188303,0.11250569729108816,0.05969430727503415,0.029107880629058554,0.014818892223516482,0.008613524944166754,0.0062570204969748,0.0,0.37385961276152196,0.9769736842105263,0.9769736842105263,0.9769736842105263,0.9769736842105263,0.9769736842105263,0.9640522875816994,0.932475884244373,0.8549382716049383,0.6977401129943502,0.5691906005221932,0.4552058111380145,0.3008658008658009,0.14041745730550284,0.07321428571428572,0.03620689655172414,0.01864406779661017,0.006700167504187605,0.005016722408026756,0.0,0.5231335151202283,0.4778735977794911,0.4778735977794911,0.4778735977794911,0.4778735977794911,0.4778735977794911,0.4725994285724804,0.4621015068357134,0.43142996882258056,0.36378271503206555,0.3192700121115117,0.2643064422175958,0.1918139862706999,0.09014215301887482,0.04867097023867974,0.02340075497785728,0.011778522215636033,0.011073277185594595,0.007803960896246179,0.0,0.267765351962789,0.9834437086092715,0.9834437086092715,0.9834437086092715,0.9834437086092715,0.9834437086092715,0.9768211920529801,0.9602649006622517,0.9172185430463576,0.8178807947019867,0.7218543046357616,0.6225165562913907,0.4602649006622517,0.24503311258278146,0.1357615894039735,0.0695364238410596,0.03642384105960265,0.013245033112582781,0.009933774834437087,0.0,0.5738933426280933,0.9933110367892977,0.9933110367892977,0.9933110367892977,0.9933110367892977,0.9933110367892977,0.9866220735785953,0.9698996655518395,0.9264214046822743,0.8260869565217391,0.7290969899665551,0.6287625418060201,0.46488294314381273,0.24749163879598662,0.13712374581939799,0.07023411371237458,0.03678929765886288,0.013377926421404682,0.010033444816053512,0.0,0.579651469811653,0.4791096440926355,0.4791096440926355,0.4791096440926355,0.4791096440926355,0.4791096440926355,0.4755043230667358,0.46841813595196646,0.445711264160235,0.39212045019968117,0.354463171844502,0.30548389691379446,0.23687778266915702,0.11993051705452488,0.06859433361447236,0.0327895655181502,0.01606576857839614,0.01644878997407087,0.010695764909248055,0.0,0.2809816834167427,0.993505658436214,0.993505658436214,0.993505658436214,0.993505658436214,0.993505658436214,0.9869145582575942,0.9728958437447941,0.933856819592151,0.8484393133417564,0.7694966083143938,0.6830386278841866,0.519072657082556,0.290044769182948,0.16223121271841864,0.10146485717089718,0.075726183090174,0.04083578511496132,0.03690385383749228,0.0,0.5993920727112312,0.5768273973689003,0.5768273973689003,0.5768273973689003,0.5768273973689003,0.5768273973689003,0.5787917328623305,0.5829462718706433,0.5923633103071343,0.6131642670208636,0.6313760506614762,0.6484956836238958,0.675682833020635,0.7218935917691324,0.7623049166533209,0.8049084028039569,0.8422743325255287,0.9021645021645022,0.9171717171717172,1.0,0.6925091894368232,0.6855375870415262,0.6855375870415262,0.6855375870415262,0.6855375870415262,0.6855375870415262,0.6794447270983325,0.6661380168985052,0.6290592717939882,0.5454639273767534,0.4800691956205964,0.4056293088707067,0.2971283314268671,0.14861969024704724,0.08128744231083085,0.04033862685244838,0.020712774345782982,0.012110570712728938,0.008804702741152672,0.0,0.3917102379738617,297.0,297.0,297.0,297.0,297.0,295.0,290.0,277.0,247.0,218.0,188.0,139.0,74.0,41.0,21.0,11.0,4.0,3.0,0.0,173.31578947368422,5.0,5.0,5.0,5.0,5.0,7.0,12.0,25.0,55.0,84.0,114.0,163.0,228.0,261.0,281.0,291.0,298.0,299.0,302.0,128.68421052631578,2.0,2.0,2.0,2.0,2.0,4.0,9.0,22.0,52.0,81.0,111.0,160.0,225.0,258.0,278.0,288.0,295.0,296.0,299.0,125.6842105263158,0.423841059602649,0.6313760506614762,0.45364238410596025,0.7218543046357616,0.7290969899665551,0.6666666666666666,0.3333333333333333,0.0,0.15774827498080066,0.7254575707154742,0.03722426470588235,0.45048264069722077,137.6399790442018,218,84,81,9,2,1,0,51.0,2176,0.39933444259567386,0.3973509933774834,0.4013377926421405,120,182,179,299,302,9,3
0067,0.9302892467938025,0.6434038704340335,0.5985517020102943,0.9302892467938025,0.9302892467938025,0.9302892467938025,0.9302892467938025,0.9302892467938025,0.9302892467938025,0.9302892467938025,0.9109612947990758,0.8708592956776453,0.7689514161186078,0.6280679690998401,0.4969769818673238,0.37451652791586915,0.2305640697531617,0.13841510750828434,0.06112255101067408,0.030617069195022974,0.016566749074365828,0.0026877059533595665,0.5811753402910447,0.9839743589743589,0.9839743589743589,0.9839743589743589,0.9839743589743589,0.9839743589743589,0.9839743589743589,0.9839743589743589,0.9650793650793651,0.9164086687306502,0.8046647230320699,0.6375661375661376,0.48086124401913877,0.3059071729957806,0.18809980806142035,0.11131059245960502,0.04208754208754209,0.019769357495881382,0.011437908496732025,0.0016181229773462784,0.5985595345169571,0.8795331654803138,0.8795331654803138,0.8795331654803138,0.8795331654803138,0.8795331654803138,0.8795331654803138,0.8795331654803138,0.8598779651181999,0.8275739184338415,0.7348231672475677,0.6187112999994884,0.5136328277188502,0.4585136997885717,0.2826148033270854,0.17211966591124453,0.08876655791116632,0.04741706584486205,0.02399539871921666,0.004464285714285714,0.5678548849524515,0.9839743589743589,0.9839743589743589,0.9839743589743589,0.9839743589743589,0.9839743589743589,0.9839743589743589,0.9839743589743589,0.9743589743589743,0.9487179487179487,0.8846153846153846,0.7724358974358975,0.6442307692307693,0.46474358974358976,0.3141025641025641,0.1987179487179487,0.08012820512820513,0.038461538461538464,0.022435897435897436,0.003205128205128205,0.64389338731444,1.0,1.0,1.0,1.0,1.0,1.0,1.0,0.990228013029316,0.9641693811074918,0.8990228013029316,0.7850162866449512,0.6547231270358306,0.4723127035830619,0.31921824104234525,0.20195439739413681,0.08143322475570032,0.03908794788273615,0.02280130293159609,0.003257328990228013,0.6543802503000171,0.8795331654803138,0.8795331654803138,0.8795331654803138,0.8795331654803138,0.8795331654803138,0.8795331654803138,0.8795331654803138,0.8689614742941945,0.8524172484303194,0.7944321211540051,0.7074934629897195,0.6163741059449337,0.5479814970563499,0.3877549917216497,0.2625592179051509,0.14788271925272445,0.08256933633166119,0.04282501791583266,0.008130081300813009,0.6040059701399763,1.0,1.0,1.0,1.0,1.0,1.0,1.0,0.9902962288623748,0.9653904586644252,0.9059511926835524,0.8171254260567781,0.7183071281565896,0.6455794770337975,0.4635058983029918,0.31148502813478557,0.17749651092642782,0.09945572953401983,0.051447917296414965,0.00980392156862745,0.6924128903800413,0.6434038704340335,0.6434038704340335,0.6434038704340335,0.6434038704340335,0.6434038704340335,0.6434038704340335,0.6434038704340335,0.6459612185706266,0.651805955845513,0.664758991098917,0.6844906498805902,0.7065211697929916,0.7403064337366115,0.7729287332319724,0.8040145109542077,0.8553725273655961,0.8975895312331484,0.9238697810126383,0.9523809523809523,0.7265172393758946,0.9302892467938025,0.9302892467938025,0.9302892467938025,0.9302892467938025,0.9302892467938025,0.9302892467938025,0.9302892467938025,0.9153304387850604,0.8860780046412556,0.8062480255597543,0.6913138348599973,0.5752374046456733,0.4616181352442248,0.297943005251641,0.18494125268284833,0.0843368541079796,0.042705190571234584,0.023202549527968037,0.003782672079180015,0.6044611629217598,307.0,307.0,307.0,307.0,307.0,307.0,307.0,304.0,296.0,276.0,241.0,201.0,145.0,98.0,62.0,25.0,12.0,7.0,1.0,200.89473684210526,5.0,5.0,5.0,5.0,5.0,5.0,5.0,8.0,16.0,36.0,71.0,111.0,167.0,214.0,250.0,287.0,300.0,305.0,311.0,111.10526315789474,0.0,0.0,0.0,0.0,0.0,0.0,0.0,3.0,11.0,31.0,66.0,106.0,162.0,209.0,245.0,282.0,295.0,300.0,306.0,106.10526315789474,0.7788461538461539,0.664758991098917,0.7852564102564102,0.8846153846153846,0.8990228013029316,0.6666666666666666,0.3333333333333333,0.0,0.4822867998182727,0.8917609046849758,0.011083303539506614,0.784291570526718,183.4734815433011,276,36,31,2,2,1,0,27.0,2797,0.840064620355412,0.8333333333333334,0.8469055374592834,260,52,47,307,312,5,3
0068,0.8192950277456131,0.5998206999293133,0.4914301169909798,0.8192950277456131,0.8192950277456131,0.8192950277456131,0.8192950277456131,0.8192950277456131,0.8151409407936987,0.8070960625229471,0.7954011509430196,0.7394357930265156,0.6167347083823541,0.46062265503913774,0.30897735498413964,0.16519313185198597,0.10685575484898696,0.04146200319649969,0.01135942838614818,0.006566393610288367,0.0,0.0,0.4721747640165152,0.9803149606299213,0.9803149606299213,0.9803149606299213,0.9803149606299213,0.9803149606299213,0.9725490196078431,0.9571984435797666,0.9346153846153846,0.8698884758364313,0.7226027397260274,0.5105105105105106,0.3413333333333333,0.1807511737089202,0.11037527593818984,0.041407867494824016,0.012072434607645875,0.006,0.0,0.0,0.5558357611636044,0.6847231445466907,0.6847231445466907,0.6847231445466907,0.6847231445466907,0.6847231445466907,0.6832095246221743,0.6805318776991526,0.6769233647719541,0.6285464254288645,0.5263773296343719,0.4156099158920964,0.27968849382713395,0.15097423851317932,0.10344846023978203,0.041516209673957194,0.010688532798372409,0.007186254174205982,0.0,0.0,0.4014903342109841,0.9803149606299213,0.9803149606299213,0.9803149606299213,0.9803149606299213,0.9803149606299213,0.9763779527559056,0.968503937007874,0.9566929133858267,0.9212598425196851,0.8307086614173228,0.6692913385826772,0.5039370078740157,0.3031496062992126,0.1968503937007874,0.07874015748031496,0.023622047244094488,0.011811023622047244,0.0,0.0,0.59697472026523,1.0,1.0,1.0,1.0,1.0,0.9959839357429718,0.9879518072289156,0.9759036144578314,0.9397590361445783,0.8473895582329317,0.6827309236947792,0.5140562248995983,0.3092369477911647,0.20080321285140562,0.08032128514056225,0.024096385542168676,0.012048192771084338,0.0,0.0,0.6089621644472627,0.6847231445466907,0.6847231445466907,0.6847231445466907,0.6847231445466907,0.6847231445466907,0.683959867919736,0.6826067473273159,0.6808269336703283,0.6526011171680464,0.5868940553046983,0.5070866141732284,0.3805364173228347,0.22957357603026893,0.16913385826771654,0.07244094488188976,0.01837270341207349,0.013123359580052493,0.0,0.0,0.426356416725876,1.0,1.0,1.0,1.0,1.0,0.9960397465437788,0.9884581881533101,0.977222004485379,0.9419595902570813,0.8525029949468108,0.7106496792265293,0.5464604401348352,0.33184289681985535,0.22242823007339133,0.09496927803379415,0.027418643682084538,0.016705069124423964,0.0,0.0,0.6161398295516459,0.5998206999293133,0.5998206999293133,0.5998206999293133,0.5998206999293133,0.5998206999293133,0.6011192600992792,0.6033038573919283,0.6060790326718183,0.6133334095506177,0.6289094204663057,0.6544528425793017,0.6808943867860493,0.7196726684081755,0.7449882728555974,0.7901521577369036,0.8467753467753468,0.8677248677248676,1.0,1.0,0.7029741590890924,0.8192950277456131,0.8192950277456131,0.8192950277456131,0.8192950277456131,0.8192950277456131,0.8167439727074416,0.8118483865913575,0.8047408191353397,0.7609563593971119,0.6612610731783581,0.5274126628510687,0.37542693392461335,0.21393405751911904,0.1427020326622622,0.057175107238318014,0.015889777428686865,0.0092128723971182,0.0,0.0,0.48914627335572947,249.0,249.0,249.0,249.0,249.0,248.0,246.0,243.0,234.0,211.0,170.0,128.0,77.0,50.0,20.0,6.0,3.0,0.0,0.0,151.6315789473684,5.0,5.0,5.0,5.0,5.0,6.0,8.0,11.0,20.0,43.0,84.0,126.0,177.0,204.0,234.0,248.0,251.0,254.0,254.0,102.36842105263158,0.0,0.0,0.0,0.0,0.0,1.0,3.0,6.0,15.0,38.0,79.0,121.0,172.0,199.0,229.0,243.0,246.0,249.0,249.0,97.36842105263158,0.6732283464566929,0.6289094204663057,0.6811023622047244,0.8307086614173228,0.8473895582329317,1.0,0.0,0.0,0.36496018786767914,0.8389662027833003,0.015187849720223821,0.6799172047414804,132.6998877183905,211,43,38,2,2,0,0,30.0,2502,0.6202783300198808,0.6141732283464567,0.6265060240963856,156,98,93,249,254,4,2
0069,0.8150958137503265,0.5428262254767733,0.4424553839800087,0.8150958137503265,0.8150958137503265,0.8150958137503265,0.807969292061473,0.8045405270329151,0.779368053192748,0.66112125541796,0.5642624872124339,0.5121736177450542,0.43113530322440274,0.35226687933600814,0.25084884743398156,0.14426631530134193,0.07604758322444953,0.026891734752259585,0.013171090762941795,0.006780167819550823,0.0,0.0,0.4145331892509737,0.9932659932659933,0.9932659932659933,0.9932659932659933,0.979933110367893,0.9733333333333334,0.9473684210526315,0.7993920972644377,0.6629213483146067,0.5828877005347594,0.46534653465346537,0.36091954022988504,0.22567287784679088,0.12761904761904763,0.06474820143884892,0.027777777777777776,0.0136986301369863,0.0050933786078098476,0.0,0.0,0.4850794725776976,0.6688854648176682,0.6688854648176682,0.6688854648176682,0.6661825894108568,0.665019307847672,0.6411598158006461,0.5467671194913423,0.48028647030999044,0.4500383426745747,0.39943920464523763,0.3438216567551046,0.27883343740436894,0.16308513594893667,0.08931885034276238,0.026033954327491893,0.0126638671276525,0.009025575988163179,0.0,0.0,0.3567543011856739,0.9932659932659933,0.9932659932659933,0.9932659932659933,0.9865319865319865,0.9831649831649831,0.9696969696969697,0.8855218855218855,0.7946127946127947,0.734006734006734,0.632996632996633,0.5286195286195287,0.367003367003367,0.2255892255892256,0.12121212121212122,0.05387205387205387,0.026936026936026935,0.010101010101010102,0.0,0.0,0.5420875420875422,1.0,1.0,1.0,0.9932203389830508,0.9898305084745763,0.976271186440678,0.8915254237288136,0.8,0.7389830508474576,0.6372881355932203,0.5322033898305085,0.3694915254237288,0.2271186440677966,0.12203389830508475,0.05423728813559322,0.02711864406779661,0.010169491525423728,0.0,0.0,0.5457627118644068,0.6688854648176682,0.6688854648176682,0.6688854648176682,0.667428348938086,0.6667930310355774,0.6526131412160825,0.5873765614092163,0.5277901145049699,0.49910137532911414,0.45674612204649745,0.4087344028520498,0.3469672439451177,0.23015670311543882,0.13643295702119232,0.04006238859180036,0.018939393939393943,0.0160427807486631,0.0,0.0,0.38220215574453703,1.0,1.0,1.0,0.9934708413711233,0.9903960690887433,0.9768180211446383,0.9009118070861799,0.8339889903220062,0.7932942970326101,0.7245986845888698,0.6491651605085489,0.5616724612327169,0.3662146704058038,0.25357292337379533,0.1887247340852855,0.09853514823027018,0.02032520325203252,0.0,0.0,0.5974573164064538,0.5428262254767733,0.5428262254767733,0.5428262254767733,0.5453126063430215,0.5464190802612433,0.5502073848387984,0.5711606499596646,0.5934652716147846,0.606569013955737,0.6276570510421994,0.6487031766418241,0.6819911394979409,0.7189050936546079,0.7527239720493557,0.7971899991880811,0.8272086466165414,0.8571428571428571,1.0,1.0,0.681743927328262,0.8150958137503265,0.8150958137503265,0.8150958137503265,0.810685162886626,0.808593653576656,0.7884990364441505,0.695826307776117,0.6177716199274101,0.5747444424127718,0.5028356308251122,0.42632246260673246,0.31989499896141854,0.19180784531356948,0.10405059977854154,0.037450001202045814,0.01846927898064009,0.009548163918988325,0.0,0.0,0.4395677182032506,295.0,295.0,295.0,293.0,292.0,288.0,263.0,236.0,218.0,188.0,157.0,109.0,67.0,36.0,16.0,8.0,3.0,0.0,0.0,161.0,2.0,2.0,2.0,4.0,5.0,9.0,34.0,61.0,79.0,109.0,140.0,188.0,230.0,261.0,281.0,289.0,294.0,297.0,297.0,136.0,0.0,0.0,0.0,2.0,3.0,7.0,32.0,59.0,77.0,107.0,138.0,186.0,228.0,259.0,279.0,287.0,292.0,295.0,295.0,134.0,0.25925925925925924,0.6276570510421994,0.2727272727272727,0.632996632996633,0.6372881355932203,0.3333333333333333,0.6666666666666666,0.0,0.023567426248934265,0.6351351351351351,0.049060064190738197,0.27070013470933346,117.99952559593348,188,109,107,4,1,2,0,44.0,2181,0.47297297297297297,0.4713804713804714,0.4745762711864407,140,157,155,295,297,7,3
0070,0.8832747050908745,0.5353929181091589,0.47289902185061006,0.8832747050908745,0.8832747050908745,0.8832747050908745,0.8832747050908745,0.8832747050908745,0.8204402103312622,0.7378475819958736,0.6625389271197036,0.5644686854937021,0.48588219131579685,0.3814547495418842,0.217617443089189,0.11391668038541733,0.04996414813011351,0.027883666946974178,0.014999133571161699,0.006873816950399548,0.0055475140641101555,0.0,0.4476741197047348,0.9807692307692307,0.9807692307692307,0.9807692307692307,0.9807692307692307,0.9807692307692307,0.913312693498452,0.8123167155425219,0.7024793388429752,0.5488721804511278,0.4541176470588235,0.3347732181425486,0.19305019305019305,0.10554561717352415,0.05102040816326531,0.028286189683860232,0.013114754098360656,0.004878048780487805,0.003246753246753247,0.0,0.4773084163988972,0.7954717380779471,0.7954717380779471,0.7954717380779471,0.7954717380779471,0.7954717380779471,0.7370116976585596,0.6702054061432878,0.6248693814567091,0.5805083738095534,0.519868596534105,0.4346456587996937,0.24531108095998383,0.12295167168048524,0.048929755528011334,0.027486872254604586,0.01715426810127318,0.00968611869085803,0.009478672985781991,0.0,0.4223929602627707,0.9807692307692307,0.9807692307692307,0.9807692307692307,0.9807692307692307,0.9807692307692307,0.9455128205128205,0.8878205128205128,0.8173076923076923,0.7019230769230769,0.6185897435897436,0.4967948717948718,0.32051282051282054,0.1891025641025641,0.09615384615384616,0.05448717948717949,0.02564102564102564,0.009615384615384616,0.00641025641025641,0.0,0.5301956815114711,1.0,1.0,1.0,1.0,1.0,0.9640522875816994,0.9052287581699346,0.8333333333333334,0.7156862745098039,0.630718954248366,0.5065359477124183,0.32679738562091504,0.19281045751633988,0.09803921568627451,0.05555555555555555,0.026143790849673203,0.00980392156862745,0.006535947712418301,0.0,0.5405916752665978,0.7954717380779471,0.7954717380779471,0.7954717380779471,0.7954717380779471,0.7954717380779471,0.7611228813559322,0.713021460088247,0.6711919026870007,0.6293125317097921,0.5884846958357322,0.5278076463560336,0.35626157407407405,0.20466494036409288,0.08549382716049383,0.04704520697167756,0.02228009259259259,0.0158179012345679,0.018518518518518517,0.0,0.45359904575465737,1.0,1.0,1.0,1.0,1.0,0.9661285983319882,0.9178468183821105,0.8701870633310795,0.8006049541004665,0.7295092892734486,0.6385283471935307,0.44348905309250136,0.2948424294713015,0.19194490056559024,0.18462764416111271,0.29292898193760264,0.09603174603174602,0.01904761904761905,0.0,0.6024061813115841,0.5353929181091589,0.5353929181091589,0.5353929181091589,0.5353929181091589,0.5353929181091589,0.5447649281926221,0.5591112749092897,0.5753467262489343,0.6002141173852766,0.617249062444632,0.6399082581890596,0.6774071682770113,0.7194017898236768,0.7673706621977125,0.8013782573139914,0.8486678454793938,0.8906783571758191,0.9045454545454545,1.0,0.6748951838278247,0.8832747050908745,0.8832747050908745,0.8832747050908745,0.8832747050908745,0.8832747050908745,0.8347778201438313,0.7713767609781966,0.7146401557092339,0.6383355104676642,0.5670849864265425,0.4646824015815441,0.28040211565095813,0.15248106890849228,0.0685914293872471,0.03869989847632438,0.020972673368881086,0.00965068684824379,0.007794916565803208,0.0,0.47294020789301766,306.0,306.0,306.0,306.0,306.0,295.0,277.0,255.0,219.0,193.0,155.0,100.0,59.0,30.0,17.0,8.0,3.0,2.0,0.0,165.42105263157896,6.0,6.0,6.0,6.0,6.0,17.0,35.0,57.0,93.0,119.0,157.0,212.0,253.0,282.0,295.0,304.0,309.0,310.0,312.0,146.57894736842104,0.0,0.0,0.0,0.0,0.0,11.0,29.0,51.0,87.0,113.0,151.0,206.0,247.0,276.0,289.0,298.0,303.0,304.0,306.0,140.57894736842104,0.23397435897435898,0.617249062444632,0.2564102564102564,0.6185897435897436,0.630718954248366,0.3333333333333333,0.6666666666666666,0.0,-0.0027914453467500922,0.6245954692556634,0.05258259655653792,0.25370160884610815,119.12906905181397,193,119,113,7,1,2,0,48.0,2149,0.5436893203883495,0.5384615384615384,0.5490196078431373,168,144,138,306,312,11,3
0071,0.8899066603197068,0.5579392303779732,0.49651383716700964,0.8899066603197068,0.8899066603197068,0.8899066603197068,0.8838392545965392,0.877873161910836,0.8549855957179392,0.8019383679337537,0.7534146737392963,0.6578263598089573,0.5211007038027885,0.3985039797277788,0.1838421278829643,0.0908687096639479,0.057046574979132174,0.026166925964043363,0.008274012926186732,0.0025178375441855336,0.0025178375441855336,0.0,0.46265453182640287,0.9824561403508771,0.9824561403508771,0.9824561403508771,0.9766763848396501,0.9709302325581395,0.9482758620689655,0.8885793871866295,0.8373983739837398,0.7251908396946565,0.5622119815668203,0.4334038054968288,0.20855614973262032,0.10064935064935066,0.06269592476489028,0.02727272727272727,0.007429420505200594,0.0014771048744460858,0.0014771048744460858,0.0,0.5105048984800917,0.8060755402256842,0.8060755402256842,0.8060755402256842,0.7998266775888291,0.7937349796728898,0.7708731162788952,0.7237452896588297,0.6778538008203874,0.5967195060567895,0.4829956536091495,0.3664144611670696,0.16205673161816075,0.0820385063859737,0.051906271883753505,0.025105960528283316,0.009214620420904112,0.004291845493562232,0.004291845493562232,0.0,0.41943662565021544,0.9824561403508771,0.9824561403508771,0.9824561403508771,0.97953216374269,0.9766081871345029,0.9649122807017544,0.9327485380116959,0.9035087719298246,0.8333333333333334,0.7134502923976608,0.5994152046783626,0.34210526315789475,0.18128654970760233,0.11695906432748537,0.05263157894736842,0.014619883040935672,0.0029239766081871343,0.0029239766081871343,0.0,0.5560172360726378,1.0,1.0,1.0,0.9970238095238095,0.9940476190476191,0.9821428571428571,0.9494047619047619,0.9196428571428571,0.8482142857142857,0.7261904761904762,0.6101190476190477,0.3482142857142857,0.18452380952380953,0.11904761904761904,0.05357142857142857,0.01488095238095238,0.002976190476190476,0.002976190476190476,0.0,0.5659461152882205,0.8060755402256842,0.8060755402256842,0.8060755402256842,0.8026380728274204,0.7992307677577369,0.7859086548245486,0.7556528085348261,0.7257703289959151,0.668242640499554,0.5738936916439052,0.4722433252474515,0.2379236263150558,0.12629852378348824,0.08197953309881675,0.040116547631737914,0.016021746082507192,0.00847457627118644,0.00847457627118644,0.0,0.44847873897170476,1.0,1.0,1.0,0.9970406587750901,0.9941152178401818,0.9827586206896552,0.9537427385227621,0.92655011711838,0.8626987056575786,0.7658114065671002,0.6579822256434137,0.4039533221622968,0.22191044384253414,0.1453959402125679,0.07178676826056525,0.02218001168907072,0.008620689655172414,0.008620689655172414,0.0,0.5801667134890285,0.5579392303779732,0.5579392303779732,0.5579392303779732,0.559016114353455,0.5599853418885041,0.5633570751447445,0.571408183459637,0.57748343173403,0.5906933408916073,0.6108372293268305,0.6272503226982022,0.6739874284338009,0.7211183891650217,0.749230977841423,0.7800454320520559,0.8358974358974359,0.9,0.9,1.0,0.6786383365274036,0.8899066603197068,0.8899066603197068,0.8899066603197068,0.8851304740645374,0.8804363006848266,0.8624528606018635,0.8216278724715494,0.782589838374606,0.7051710821122237,0.5870207750107717,0.46865168220926184,0.23545798100030335,0.12195276858635999,0.07791603809391152,0.03635060307056623,0.01160675117421906,0.003542492883426773,0.003542492883426773,0.0,0.4817457891674196,336.0,336.0,336.0,335.0,334.0,330.0,319.0,309.0,285.0,244.0,205.0,117.0,62.0,40.0,18.0,5.0,1.0,1.0,0.0,190.1578947368421,6.0,6.0,6.0,7.0,8.0,12.0,23.0,33.0,57.0,98.0,137.0,225.0,280.0,302.0,324.0,337.0,341.0,341.0,342.0,151.8421052631579,0.0,0.0,0.0,1.0,2.0,6.0,17.0,27.0,51.0,92.0,131.0,219.0,274.0,296.0,318.0,331.0,335.0,335.0,336.0,145.8421052631579,0.43859649122807015,0.6108372293268305,0.4444444444444444,0.7134502923976608,0.7261904761904762,0.6666666666666666,0.3333333333333333,0.0,0.16094819870101357,0.7197640117994101,0.0395019321597252,0.4435642397787603,149.04428395574664,244,98,92,2,2,1,0,57.0,2329,0.6017699115044248,0.5964912280701754,0.6071428571428571,204,138,132,336,342,5,3
0104,0.37382161033090017,0.5121247767829094,0.19144330874733997,0.37382161033090017,0.37382161033090017,0.37241349384711125,0.3615631963420518,0.3580880702644867,0.3438897046145507,0.304973721396039,0.2645208006172643,0.21023001988481035,0.18634954993110056,0.14809185985715762,0.10991858640209738,0.06886717065176219,0.04234949789555065,0.02664327527804043,0.014162531672678957,0.00644172032761266,0.005298124856972366,0.0,0.18797076550005726,0.7951070336391437,0.7951070336391437,0.7896341463414634,0.7627627627627628,0.7470238095238095,0.7014492753623188,0.5907859078590786,0.49363867684478374,0.3587962962962963,0.30734966592427615,0.23060796645702306,0.1693227091633466,0.10338345864661654,0.06148282097649186,0.03345070422535211,0.015570934256055362,0.005136986301369863,0.003418803418803419,0.0,0.366527841665165,0.17575318848683336,0.17575318848683336,0.1756405938648929,0.17138742388993702,0.1716505744943823,0.16859398547214718,0.15743261561400418,0.14174589075239694,0.1231803720300108,0.11298582236975478,0.09510165365444645,0.07135543540695229,0.04587471976334535,0.02917042425055596,0.021221200987554638,0.012881520150380979,0.008077841431680015,0.008210512147520022,0.0,0.09821141911861203,0.8074534161490683,0.8074534161490683,0.8043478260869565,0.7888198757763976,0.7795031055900621,0.7515527950310559,0.6770186335403726,0.6024844720496895,0.4813664596273292,0.42857142857142855,0.3416149068322981,0.2639751552795031,0.17080745341614906,0.10559006211180125,0.059006211180124224,0.027950310559006212,0.009316770186335404,0.006211180124223602,0.0,0.41647597254004576,0.9811320754716981,0.9811320754716981,0.9773584905660377,0.9584905660377359,0.9471698113207547,0.9132075471698113,0.8226415094339623,0.7320754716981132,0.5849056603773585,0.5207547169811321,0.41509433962264153,0.32075471698113206,0.20754716981132076,0.12830188679245283,0.07169811320754717,0.033962264150943396,0.011320754716981131,0.007547169811320755,0.0,0.5060575968222443,0.17576517027451605,0.17576517027451605,0.17568603316266865,0.17213882143236767,0.17253450717724464,0.17024178345333824,0.16077672030257129,0.1463893438674246,0.12918802130439153,0.11888296938412068,0.10163944743383997,0.07828782603384031,0.05205481607350766,0.03403884918453362,0.02507241624309996,0.015557093957924694,0.009316949348101997,0.009302526825891312,0.0,0.101191498196521,0.9967032967032966,0.9967032967032966,0.9931805646091361,0.977059685721103,0.9703445956434004,0.9459142785589066,0.8865206996463199,0.8224596755139458,0.7287510569453398,0.6949279834123288,0.5991255450460643,0.488210351244172,0.3433413405351477,0.22015781429011141,0.163639854768887,0.09273786249592703,0.062121212121212126,0.07045454545454546,0.0,0.581702824179639,0.5121247767829094,0.5121247767829094,0.5136340920553835,0.5203578633649255,0.5239844766689141,0.533212676280288,0.5557738912111985,0.5783150112223704,0.6185862394408137,0.6367903004358604,0.6657733657289533,0.6928035544335409,0.7320552478181515,0.7690533676527194,0.8021345613450879,0.8433501683501684,0.8946969696969697,0.9045454545454545,1.0,0.6741745680956115,0.3767127718073608,0.3767127718073608,0.37586717048426643,0.3676871039654463,0.3657897700793303,0.3559596620503754,0.3264732979857309,0.29223226747772196,0.2435054405545461,0.22005111974567063,0.18024467413147388,0.13724453410459297,0.08851973824496152,0.055498710871909426,0.035386193168628774,0.018974785602879542,0.008675217128154273,0.007141216273182938,0.0,0.20171981292018906,260.0,260.0,259.0,254.0,251.0,242.0,218.0,194.0,155.0,138.0,110.0,85.0,55.0,34.0,19.0,9.0,3.0,2.0,0.0,134.10526315789474,62.0,62.0,63.0,68.0,71.0,80.0,104.0,128.0,167.0,184.0,212.0,237.0,267.0,288.0,303.0,313.0,319.0,320.0,322.0,187.89473684210526,5.0,5.0,6.0,11.0,14.0,23.0,47.0,71.0,110.0,127.0,155.0,180.0,210.0,231.0,246.0,256.0,262.0,263.0,265.0,130.89473684210526,-0.037267080745341616,0.637668649140296,0.034161490683229816,0.42857142857142855,0.5207547169811321,0.0,1.0,0.0,-0.19255194539950046,0.47018739352640543,0.059708509637987774,0.029932522248392567,87.99827358136085,138,184,127,23,0,3,0,46.0,2127,0.18057921635434412,0.16459627329192547,0.2,53,269,212,265,322,31,3
0319,0.5761750542561828,0.6337303303618781,0.36513960748004376,0.5761750542561828,0.5761750542561828,0.5751594110890956,0.5741584487172031,0.573152215825596,0.5596446852689704,0.5553036352094005,0.5350905631359044,0.5280541955708297,0.47587490533675486,0.42328227019134773,0.3568866171524056,0.2717669980960006,0.1707247551534239,0.10081939137936767,0.05874364673215885,0.03037444928605864,0.013526332069113724,0.004848851799746725,0.3663032358171444,0.9032258064516129,0.9032258064516129,0.8971061093247589,0.8910256410256411,0.8849840255591054,0.8495297805642633,0.826625386996904,0.7878787878787878,0.7559523809523809,0.6298342541436464,0.5167095115681234,0.43552311435523117,0.3111111111111111,0.18951612903225806,0.12380952380952381,0.06498194945848375,0.03146853146853147,0.012006861063464836,0.003401360544217687,0.5272587406189294,0.3675467316985918,0.3675467316985918,0.3687505242979014,0.36997579985900597,0.3711970533007669,0.368677097513608,0.37303733000149175,0.3634085790378568,0.368860844261989,0.3595500308841845,0.3467477881616651,0.2924484448800137,0.23739846831678726,0.1537966302447817,0.08209828586162632,0.05310422448309842,0.02931840560637395,0.015238092477030531,0.006912340950116673,0.25766386334397273,0.9061488673139159,0.9061488673139159,0.9029126213592233,0.8996763754045307,0.8964401294498382,0.8770226537216829,0.8640776699029126,0.8414239482200647,0.8220064724919094,0.7378640776699029,0.6504854368932039,0.5792880258899676,0.45307443365695793,0.3042071197411003,0.21035598705501618,0.11650485436893204,0.05825242718446602,0.022653721682847898,0.006472491909385114,0.5818429569068303,0.99644128113879,0.99644128113879,0.9928825622775801,0.9893238434163701,0.9857651245551602,0.9644128113879004,0.9501779359430605,0.9252669039145908,0.9039145907473309,0.8113879003558719,0.7153024911032029,0.6370106761565836,0.498220640569395,0.33451957295373663,0.2313167259786477,0.12811387900355872,0.06405693950177936,0.02491103202846975,0.0071174377224199285,0.6398201910470124,0.3678188461808727,0.3678188461808727,0.3690240071085159,0.3702505776981956,0.371473218962924,0.37183338385277603,0.37630003813482044,0.3721427220099134,0.37790472944448106,0.37988885149420526,0.3799149848396972,0.3407524449928141,0.29986789403415076,0.2162761247919959,0.12031480570585343,0.0832048969776466,0.048871399683008146,0.025367156208277702,0.009345794392523364,0.2762300380365023,0.981954887218045,0.981954887218045,0.9800980946991132,0.9782279439606208,0.9763442903287097,0.966019291771865,0.9620530005509307,0.9502013910515934,0.9337699816875118,0.873850900305194,0.8115112855489918,0.7401799595419117,0.6197807779104773,0.45274521733088363,0.3283835754888386,0.1984034686885564,0.1029836797380657,0.08055853920515575,0.07669172932330827,0.6839848895562008,0.6337303303618781,0.6337303303618781,0.63548973246763,0.637178909140134,0.6386368354065844,0.6466685441730513,0.6514963065697549,0.6589364954969066,0.6646519230793956,0.686746829089789,0.7088650668622496,0.7244718155184302,0.753140922517342,0.7897746390662806,0.8196647110119673,0.8581591887579397,0.8960178767470678,0.9335884022759195,0.9557692307692307,0.7329851626143911,0.5771066232626435,0.5771066232626435,0.5770177662095043,0.5769388933020052,0.5768500104120117,0.5686283201070732,0.5677439800601085,0.5529743948783495,0.5506414454363067,0.515071890045015,0.4749256641560791,0.4115967472042681,0.3279621572432674,0.21630078574210507,0.13141486201319577,0.07865684928713111,0.041326363108189657,0.018579545364517076,0.006688801901278104,0.3867121959471417,280.0,280.0,279.0,278.0,277.0,271.0,267.0,260.0,254.0,228.0,201.0,179.0,140.0,94.0,65.0,36.0,18.0,7.0,2.0,179.78947368421052,29.0,29.0,30.0,31.0,32.0,38.0,42.0,49.0,55.0,81.0,108.0,130.0,169.0,215.0,244.0,273.0,291.0,302.0,307.0,129.21052631578948,1.0,1.0,2.0,3.0,4.0,10.0,14.0,21.0,27.0,53.0,80.0,102.0,141.0,187.0,216.0,245.0,263.0,274.0,279.0,101.21052631578948,0.48220064724919093,0.686746829089789,0.5663430420711975,0.7378640776699029,0.8113879003558719,0.3333333333333333,0.6666666666666666,0.0,0.25106238521835567,0.7728813559322034,0.024674115456238363,0.561763840297829,156.5782770324719,228,81,53,26,1,2,0,40.0,2148,0.41694915254237286,0.39805825242718446,0.4377224199288256,123,186,158,281,309,39,3
0320,0.587021323778804,0.6294329893008259,0.36949058660942063,0.587021323778804,0.5739352913446506,0.5730208516921204,0.5730208516921204,0.5657598952545556,0.5657598952545556,0.5529198527523426,0.5385567966668514,0.49599062049744064,0.46936201208736833,0.4002396529457686,0.3339538124619225,0.2563711718878129,0.17350231429170065,0.10123998950828565,0.058135373191629716,0.030829295580554927,0.01813982371562706,0.00725993681241498,0.361843092706133,0.8130841121495327,0.8018575851393189,0.7962962962962963,0.7962962962962963,0.7852760736196319,0.7852760736196319,0.7530120481927711,0.7218934911242604,0.6348314606741573,0.572972972972973,0.4659949622166247,0.38571428571428573,0.27912087912087913,0.1901840490797546,0.10646387832699619,0.06398537477148081,0.03374777975133215,0.017482517482517484,0.0051813471502590676,0.47414060440521044,0.4238110540126331,0.41079828233293697,0.41235014906032563,0.41235014906032563,0.4076072986702082,0.4076072986702082,0.40599664281786874,0.4017814633351983,0.38751497186385525,0.38448706794603804,0.3437629004145366,0.28913927481665574,0.23547567628097937,0.15828379514599675,0.09627242250331211,0.0528202206863755,0.028163199860746575,0.018821843293626284,0.010172389726409827,0.2782745316051704,0.8613861386138614,0.8547854785478548,0.8514851485148515,0.8514851485148515,0.8448844884488449,0.8448844884488449,0.8250825082508251,0.8052805280528053,0.7458745874587459,0.6996699669966997,0.6105610561056105,0.5346534653465347,0.41914191419141916,0.3069306930693069,0.1848184818481848,0.11551155115511551,0.0627062706270627,0.033003300330033,0.009900990099009901,0.550634010769498,0.9354838709677419,0.9283154121863799,0.9247311827956989,0.9247311827956989,0.9175627240143369,0.9175627240143369,0.8960573476702509,0.8745519713261649,0.8100358422939068,0.7598566308243727,0.6630824372759857,0.5806451612903226,0.4551971326164875,0.3333333333333333,0.2007168458781362,0.12544802867383512,0.06810035842293907,0.035842293906810034,0.010752688172043012,0.5980003772873044,0.4640468858463278,0.4539197559757849,0.4556387601979132,0.4556387601979132,0.4523417402547315,0.4523417402547315,0.45281453223491236,0.4510150399835074,0.4441097859741446,0.4468090404977986,0.41996004265827336,0.3732266521967264,0.32735813208473447,0.23567201616761926,0.1509521956718467,0.08507290858676367,0.04683932964784175,0.03280187074829932,0.01707766439909297,0.3272440449252086,0.9454459352350213,0.9397017309638668,0.9394680167427966,0.9394680167427966,0.9383693521284541,0.9383693521284541,0.9172235499128704,0.8986480127889098,0.8537118296774645,0.823249388736568,0.7496503628308866,0.6849736949527777,0.573511927246258,0.45496964795162836,0.3275091086791892,0.24169055277508983,0.1872732742175767,0.1711937665821161,0.34627831715210355,0.677405570391833,0.6294329893008259,0.633734348948758,0.635789721325063,0.635789721325063,0.6391288268949133,0.6391288268949133,0.6467116354435539,0.6534326478282421,0.6715377398248084,0.68505242098093,0.7087061582239319,0.7271129126248522,0.7552659456631176,0.7853619654240621,0.8277687908616802,0.8640625411188837,0.9036973949633208,0.9362472066883832,0.9674603174603175,0.7339695848313483,0.6042060636221823,0.592574388875014,0.5925453804669754,0.5925453804669754,0.5868399134559563,0.5868399134559563,0.5787751967712347,0.5688117341936586,0.5376221440501131,0.5186656477350917,0.45813561259416113,0.39317847760083335,0.314161941841988,0.22041359972969224,0.13339011571667958,0.07811111075793734,0.04202391262355314,0.02492354202324312,0.010035772514582708,0.3912526236050436,261.0,259.0,258.0,258.0,256.0,256.0,250.0,244.0,226.0,212.0,185.0,162.0,127.0,93.0,56.0,35.0,19.0,10.0,3.0,166.8421052631579,42.0,44.0,45.0,45.0,47.0,47.0,53.0,59.0,77.0,91.0,118.0,141.0,176.0,210.0,247.0,268.0,284.0,293.0,300.0,136.1578947368421,18.0,20.0,21.0,21.0,23.0,23.0,29.0,35.0,53.0,67.0,94.0,117.0,152.0,186.0,223.0,244.0,260.0,269.0,276.0,112.15789473684211,0.40264026402640263,0.6852416230379721,0.47854785478547857,0.6996699669966997,0.7598566308243727,0.3333333333333333,0.6666666666666666,0.0,0.18241328080544583,0.7285223367697594,0.030932594644506,0.4740537035114931,145.2712240840501,212,91,67,23,1,2,0,38.0,2166,0.5189003436426117,0.49834983498349833,0.5412186379928315,151,152,128,279,303,28,3
0322,0.47572787112718484,0.5945366121847704,0.2828376368218295,0.47572787112718484,0.47572787112718484,0.47455590659195707,0.47455590659195707,0.4733913140555596,0.46389976073471895,0.46389976073471895,0.44923553664379723,0.4325635377090463,0.36519724296900763,0.2797660820489077,0.19802517892926552,0.10469685541842187,0.05550712010915281,0.031688168242111035,0.012771448919788991,0.006572673976399803,0.0045772463055729715,0.0045772463055729715,0.27615456466001714,0.8986784140969163,0.8986784140969163,0.8903508771929824,0.8903508771929824,0.8820960698689956,0.8658008658008658,0.8658008658008658,0.8340425531914893,0.7958333333333333,0.6513409961685823,0.4709897610921502,0.31402439024390244,0.1586021505376344,0.0829145728643216,0.04106280193236715,0.01650943396226415,0.004662004662004662,0.002325581395348837,0.002325581395348837,0.5034941865699616,0.2518331405507606,0.2518331405507606,0.25293770607753524,0.25293770607753524,0.25405320789665414,0.24855945115123754,0.24855945115123754,0.24196914966916078,0.23511356752506665,0.20476068151197002,0.16617996213654979,0.12487555969620757,0.06911275475993571,0.03715921431391342,0.02445376251221755,0.009879800112081494,0.009266409266409266,0.009009009009009009,0.009009009009009009,0.1527106675251185,0.9577464788732394,0.9577464788732394,0.9530516431924883,0.9530516431924883,0.9483568075117371,0.9389671361502347,0.9389671361502347,0.92018779342723,0.8967136150234741,0.7981220657276995,0.647887323943662,0.4835680751173709,0.27699530516431925,0.15492957746478872,0.07981220657276995,0.03286384976525822,0.009389671361502348,0.004694835680751174,0.004694835680751174,0.5767234988880654,0.9357798165137615,0.9357798165137615,0.9311926605504587,0.9311926605504587,0.926605504587156,0.9174311926605505,0.9174311926605505,0.8990825688073395,0.8761467889908257,0.7798165137614679,0.6330275229357798,0.4724770642201835,0.2706422018348624,0.15137614678899083,0.0779816513761468,0.03211009174311927,0.009174311926605505,0.0045871559633027525,0.0045871559633027525,0.5634958957025592,0.2518347759004802,0.2518347759004802,0.2529397603345721,0.2529397603345721,0.25405568520860555,0.24967316513761467,0.24967316513761467,0.24466437068828942,0.23900828385313713,0.2147380547137698,0.18134224172317512,0.14221982035066566,0.08283793643768765,0.04578334509527171,0.03089065548590643,0.011984575057969555,0.009615384615384616,0.009615384615384616,0.009615384615384616,0.15711929080031398,0.9967320261437908,0.9967320261437908,0.9942528735632185,0.9942528735632185,0.9917491749174918,0.9822072072072072,0.9822072072072072,0.9675323514609229,0.9453066524401602,0.8552107784993181,0.7131883371263681,0.5535695459741325,0.3718433047042048,0.2224644374592128,0.14104258462777733,0.12911442006269594,0.3125,0.125,0.125,0.6526266211105641,0.5945366121847704,0.5945366121847704,0.5969557665508921,0.5969557665508921,0.5987043099496588,0.6020460042119461,0.6020460042119461,0.6068422915909181,0.6117851884314736,0.6288815492401229,0.653664867351851,0.6804616380662893,0.7245715702851526,0.7637122325491286,0.8035810245348497,0.853834295890641,0.9333333333333333,1.0,1.0,0.707707845637823,0.4911133307354633,0.4911133307354633,0.4909813605449127,0.4909813605449127,0.49084935487274156,0.4831036700445896,0.4831036700445896,0.47186550828761387,0.4591617765847547,0.4042573661767279,0.32812481003683386,0.24573529260466317,0.13836151414130718,0.07587530146614335,0.04417814782340433,0.018019108374007508,0.009327836711304667,0.0065035234253214055,0.0065035234253214055,0.29627156771474084,204.0,204.0,203.0,203.0,202.0,200.0,200.0,196.0,191.0,170.0,138.0,103.0,59.0,33.0,17.0,7.0,2.0,1.0,1.0,122.84210526315789,9.0,9.0,10.0,10.0,11.0,13.0,13.0,17.0,22.0,43.0,75.0,110.0,154.0,180.0,196.0,206.0,211.0,212.0,212.0,90.15789473684211,14.0,14.0,15.0,15.0,16.0,18.0,18.0,22.0,27.0,48.0,80.0,115.0,159.0,185.0,201.0,211.0,216.0,217.0,217.0,95.15789473684211,0.5070422535211268,0.6288815492401229,0.5727699530516432,0.7981220657276995,0.7798165137614679,0.5,0.5,0.0,0.21084442897099007,0.7888631090487239,0.022335970218706376,0.5673890702550318,106.90986337082089,170,43,48,14,1,1,0,26.0,2149,0.30162412993039445,0.3051643192488263,0.2981651376146789,65,148,153,218,213,19,2
0325,0.4783193511979563,0.6222039454735666,0.29761218751172497,0.4783193511979563,0.4783193511979563,0.4783193511979563,0.4783193511979563,0.4749036844627792,0.4722748635033761,0.45884192546712593,0.4234511477807349,0.397432176192255,0.36441869479819833,0.30309391328374324,0.24105727271982555,0.1970919263513637,0.14973430718747402,0.09664151297878497,0.05362778319663324,0.025004329471081728,0.013890749728690003,0.0,0.29393377325862585,0.9003215434083601,0.9003215434083601,0.9003215434083601,0.9003215434083601,0.8942307692307693,0.8881789137380192,0.8584905660377359,0.7694610778443114,0.7031700288184438,0.628099173553719,0.4962025316455696,0.3648960739030023,0.26552462526766596,0.1843687374749499,0.11090225563909774,0.053475935828877004,0.02249134948096886,0.008532423208191127,0.0,0.518384770279198,0.2541196569220176,0.2541196569220176,0.2541196569220176,0.2541196569220176,0.2522095160182536,0.2511245687633183,0.24523963441798058,0.23303436615555825,0.2246289349651653,0.2114331473595936,0.18513795156384205,0.15924701000363994,0.14629613879967956,0.12160609795334246,0.08421453627798049,0.05378006174194135,0.02779808711911375,0.02261408316454188,0.0,0.1702548822101064,0.9061488673139159,0.9061488673139159,0.9061488673139159,0.9061488673139159,0.9029126213592233,0.8996763754045307,0.883495145631068,0.8317152103559871,0.7896440129449838,0.7378640776699029,0.6343042071197411,0.511326860841424,0.40129449838187703,0.2977346278317152,0.19093851132686085,0.0970873786407767,0.042071197411003236,0.016181229773462782,0.0,0.57162323283938,0.9929078014184397,0.9929078014184397,0.9929078014184397,0.9929078014184397,0.9893617021276596,0.9858156028368794,0.9680851063829787,0.9113475177304965,0.8652482269503546,0.8085106382978723,0.6950354609929078,0.5602836879432624,0.4397163120567376,0.3262411347517731,0.20921985815602837,0.10638297872340426,0.04609929078014184,0.01773049645390071,0.0,0.6263531168346397,0.2541196569220176,0.2541196569220176,0.2541196569220176,0.2541196569220176,0.25260365808183366,0.25173055216556783,0.24730050484987887,0.23853561799045409,0.23167411365994953,0.2211449854909713,0.19922673927620774,0.1756865747488704,0.16319327914327372,0.1371784068896164,0.09646278095414573,0.0671478550716119,0.03706159091011851,0.03179333450890495,0.0,0.1772220327068145,1.0,1.0,1.0,1.0,0.9965243836211577,0.9930479858537412,0.9772101174061958,0.9285626871115541,0.891820684226663,0.8621943053315603,0.7709733965736366,0.6716848662492743,0.6350698409047554,0.5839801313586479,0.46762686927193403,0.26336252346056266,0.1403792286145227,0.11274509803921569,0.0,0.6997464272643906,0.6222039454735666,0.6222039454735666,0.6222039454735666,0.6222039454735666,0.6237068321930967,0.6249226327199988,0.6303411587208959,0.6465549119347794,0.6579361768724624,0.6708558999026584,0.6950059936650804,0.7241122238347016,0.7526273056371137,0.7812354188165381,0.8127963244747437,0.8550228004409193,0.8886154107539304,0.9147123303152946,1.0,0.7245926948513937,0.4798648135486568,0.4798648135486568,0.4798648135486568,0.4798648135486568,0.4772034736250171,0.4753218297112053,0.46547612884510375,0.4402479152332743,0.4211613629352186,0.3949796504445909,0.3426861269069349,0.28535464552648176,0.24229699881513775,0.19027965292223317,0.12680614412953148,0.07225901478476031,0.03419793576864692,0.019129131600824134,0.0,0.31088732976018885,280.0,280.0,280.0,280.0,279.0,278.0,273.0,257.0,244.0,228.0,196.0,158.0,124.0,92.0,59.0,30.0,13.0,5.0,0.0,176.6315789473684,29.0,29.0,29.0,29.0,30.0,31.0,36.0,52.0,65.0,81.0,113.0,151.0,185.0,217.0,250.0,279.0,296.0,304.0,309.0,132.3684210526316,2.0,2.0,2.0,2.0,3.0,4.0,9.0,25.0,38.0,54.0,86.0,124.0,158.0,190.0,223.0,252.0,269.0,277.0,282.0,105.36842105263158,0.4886731391585761,0.6700831673101055,0.5760517799352751,0.7443365695792881,0.8156028368794326,0.0,1.0,0.0,0.24310397566771613,0.7783417935702199,0.024074074074074074,0.571419534743822,154.11912848132428,230,79,52,27,0,3,0,42.0,2160,0.3350253807106599,0.32038834951456313,0.35106382978723405,99,210,183,282,309,30,3
0326,0.6271680988656207,0.6078083869609858,0.38119803052490103,0.6271680988656207,0.6271680988656207,0.6271680988656207,0.6271680988656207,0.6271680988656207,0.6139319089830186,0.5818071879398348,0.5516111283071784,0.47187737959218484,0.4120866904543807,0.3478148605564354,0.28859870849146363,0.21047010077331482,0.16411361252515755,0.11295414713074454,0.059555163361336864,0.02943574872867762,0.008089432463291355,0.0030650630093011846,0.36796061192865387,0.871875,0.871875,0.871875,0.871875,0.871875,0.8544891640866873,0.8042168674698795,0.7514619883040936,0.6233062330623306,0.5358974358974359,0.4194312796208531,0.34606741573033706,0.2401656314699793,0.16536964980544747,0.10313075506445672,0.05457746478873239,0.025684931506849314,0.0067226890756302525,0.0016722408026755853,0.48902993403607303,0.4511424507351594,0.4511424507351594,0.4511424507351594,0.4511424507351594,0.4511424507351594,0.4410967449428018,0.4209058745601803,0.40491048330868823,0.35723734106878424,0.31688048696345156,0.28842669372024116,0.2406733796857705,0.18444630502872975,0.16286711526415978,0.12371323516500714,0.06498684936585342,0.03373430460528148,0.009734038989750117,0.0056179775280898875,0.2795233202038203,0.8746081504702194,0.8746081504702194,0.8746081504702194,0.8746081504702194,0.8746081504702194,0.8652037617554859,0.8369905956112853,0.8056426332288401,0.7210031347962382,0.6551724137931034,0.554858934169279,0.4827586206896552,0.36363636363636365,0.2664576802507837,0.1755485893416928,0.09717868338557993,0.047021943573667714,0.012539184952978056,0.003134796238244514,0.5400098993565418,0.9964285714285714,0.9964285714285714,0.9964285714285714,0.9964285714285714,0.9964285714285714,0.9857142857142858,0.9535714285714286,0.9178571428571428,0.8214285714285714,0.7464285714285714,0.6321428571428571,0.55,0.4142857142857143,0.30357142857142855,0.2,0.11071428571428571,0.05357142857142857,0.014285714285714285,0.0035714285714285713,0.6152255639097745,0.4511424507351594,0.4511424507351594,0.4511424507351594,0.4511424507351594,0.4511424507351594,0.4445315492857623,0.43156892743186287,0.4215768987029714,0.38558570655629587,0.34988032844810324,0.32606449884609046,0.28237935195878694,0.2213627721519384,0.1959177785020812,0.1507597679820407,0.08235783625713859,0.045605110969812575,0.013943137433009357,0.009174311926605505,0.2956010647435945,1.0,1.0,1.0,1.0,1.0,0.9894858192913112,0.9610376810258537,0.9362609349297861,0.8605774042044064,0.8119459152448324,0.73702814074506,0.6738675282591893,0.5856165688515962,0.5473606624999814,0.44488069018144205,0.31970762683835685,0.1748462064251538,0.14586466165413534,0.014285714285714285,0.6948823976019378,0.6078083869609858,0.6078083869609858,0.6078083869609858,0.6078083869609858,0.6078083869609858,0.611391916521677,0.6210488779649989,0.6305922139225432,0.6546566267837788,0.6734945333309751,0.7015803766205412,0.7211530767678948,0.7548932668773457,0.7838336165264038,0.8154939362337755,0.8528914630393454,0.8903100187172458,0.9365420899854862,0.99,0.719838102531418,0.6281503517758148,0.6281503517758148,0.6281503517758148,0.6281503517758148,0.6281503517758148,0.6177690207695853,0.5935438135844854,0.5711507226597669,0.5075128006039517,0.45564388893935426,0.40004515728050266,0.34086236051201113,0.2589814349462347,0.20831993116940353,0.1473692095253079,0.07946909121633797,0.03982778637642902,0.011047937148263307,0.004196571793928753,0.38823639396866505,279.0,279.0,279.0,279.0,279.0,276.0,267.0,257.0,230.0,209.0,177.0,154.0,116.0,85.0,56.0,31.0,15.0,4.0,1.0,172.26315789473685,40.0,40.0,40.0,40.0,40.0,43.0,52.0,62.0,89.0,110.0,142.0,165.0,203.0,234.0,263.0,288.0,304.0,315.0,318.0,146.73684210526315,1.0,1.0,1.0,1.0,1.0,4.0,13.0,23.0,50.0,71.0,103.0,126.0,164.0,195.0,224.0,249.0,265.0,276.0,279.0,107.73684210526316,0.3761755485893417,0.6734945333309751,0.43260188087774293,0.6551724137931034,0.7464285714285714,0.0,1.0,0.0,0.16225817387515293,0.6978297161936561,0.03300790330079033,0.4286668573507733,140.7603574661738,209,110,71,18,0,3,0,40.0,2151,0.4741235392320534,0.445141065830721,0.5071428571428571,142,177,138,280,319,24,3
0328,0.4740694361727401,0.617396690059841,0.2926889007515848,0.4740694361727401,0.4740694361727401,0.4740694361727401,0.47290036055553875,0.4691212796806704,0.4679688516506281,0.45999133974244183,0.4333415571447395,0.379658951480027,0.3437208227475013,0.2931074936140543,0.24903330684430236,0.2078654479274303,0.18105604657135932,0.12872415329792034,0.07690340485841875,0.03957391545130299,0.015624917678915728,0.0033069824588856044,0.29705827053801875,0.9272727272727272,0.9272727272727272,0.9272727272727272,0.9214501510574018,0.9041916167664671,0.8985074626865671,0.8651026392961877,0.8016997167138811,0.6781002638522428,0.5939849624060151,0.46882217090069284,0.3618843683083512,0.25443786982248523,0.19324577861163228,0.11775043936731107,0.06532663316582915,0.032467532467532464,0.014354066985645933,0.0015748031496062992,0.523932560914528,0.2423686405337781,0.2423686405337781,0.2423686405337781,0.24269869700159963,0.24339395651139983,0.24373180547705828,0.24458604450703006,0.23423346825959546,0.21256579170174403,0.19890066494555897,0.18325072521135308,0.17137404471962453,0.16981766303976836,0.16963522947598808,0.14072055893208413,0.09053173862190424,0.04823571935172384,0.01700828432227823,0.006944444444444444,0.17603867148023633,0.9329268292682927,0.9329268292682927,0.9329268292682927,0.9298780487804879,0.9207317073170732,0.9176829268292683,0.899390243902439,0.8628048780487805,0.7835365853658537,0.7225609756097561,0.6189024390243902,0.5152439024390244,0.3932926829268293,0.31402439024390244,0.20426829268292682,0.11890243902439024,0.06097560975609756,0.027439024390243903,0.003048780487804878,0.5837612323491657,0.9935064935064936,0.9935064935064936,0.9935064935064936,0.9902597402597403,0.9805194805194806,0.9772727272727273,0.9577922077922078,0.9188311688311688,0.8344155844155844,0.7694805194805194,0.6590909090909091,0.5487012987012987,0.41883116883116883,0.3344155844155844,0.21753246753246752,0.1266233766233766,0.06493506493506493,0.02922077922077922,0.003246753246753247,0.6216678058783321,0.2423689130920647,0.2423689130920647,0.2423689130920647,0.24271236959761547,0.243513634430458,0.2438654582029875,0.2449103066114417,0.23758638677107244,0.22024125162667985,0.2088487945299001,0.19443953705263417,0.1821211956709487,0.18161064452935585,0.18286436107759702,0.15752057062477437,0.10795107033639144,0.06052960800667222,0.021388193865258087,0.009174311926605505,0.1824412860071888,0.9983660130718954,0.9983660130718954,0.9983660130718954,0.9954918032786885,0.9902317880794702,0.9872923588039868,0.9718926553672316,0.9496533102206813,0.883216379265432,0.8403515282124742,0.773941793844133,0.6975139373038414,0.6458920473312216,0.6092562268817413,0.5064542652808756,0.3796221189456348,0.2427931358154552,0.2089510839702587,0.027777777777777776,0.7213384341891891,0.617396690059841,0.617396690059841,0.617396690059841,0.6189291382239716,0.6229071445630935,0.6240101281300503,0.6300606729886444,0.6406030791812279,0.66240465742535,0.6784769454048047,0.7048033834011648,0.7314469267677121,0.7652442147467344,0.789426553941612,0.825106559386191,0.8640162802161572,0.9016872475645762,0.9364123900627567,1.0,0.7288276522201877,0.47551257325884055,0.47551257325884055,0.47551257325884055,0.47505809203655747,0.4733925782364978,0.4729360597496967,0.4690184455054093,0.4495528656528208,0.4081091454446639,0.37910138289446044,0.3367704274224427,0.2971522027145335,0.25843382964556855,0.23080207863033128,0.16954276250682013,0.10375184109818487,0.05423285350684911,0.02160302590738611,0.004601313586451939,0.31739982233237873,306.0,306.0,306.0,305.0,302.0,301.0,295.0,283.0,257.0,237.0,203.0,169.0,129.0,103.0,67.0,39.0,20.0,9.0,1.0,191.47368421052633,22.0,22.0,22.0,23.0,26.0,27.0,33.0,45.0,71.0,91.0,125.0,159.0,199.0,225.0,261.0,289.0,308.0,319.0,327.0,136.52631578947367,2.0,2.0,2.0,3.0,6.0,7.0,13.0,25.0,51.0,71.0,105.0,139.0,179.0,205.0,241.0,269.0,288.0,299.0,307.0,116.52631578947368,0.4298780487804878,0.6790449428082452,0.5060975609756098,0.7225609756097561,0.7694805194805194,0.3333333333333333,0.6666666666666666,0.0,0.1979684495291284,0.7452830188679245,0.03282478039759593,0.5018355487540487,160.93365144555412,237,91,71,25,1,2,0,45.0,2163,0.2861635220125786,0.2774390243902439,0.29545454545454547,91,237,217,308,328,31,3
0329,0.3927366736884962,0.6101518097449047,0.23962899220423003,0.3927366736884962,0.3927366736884962,0.39141633643713963,0.38933333751241683,0.38639469872366233,0.38205792180485787,0.376808056645544,0.3626744381841657,0.331786144484429,0.30841873767803807,0.2640212769893067,0.2203738347338847,0.17555206132801235,0.12714558556920627,0.08875344272960722,0.04836978910728493,0.01775775116156151,0.01374156190080028,0.003647764892145362,0.2459855835399503,0.8658536585365854,0.8658536585365854,0.8601823708206687,0.8489425981873112,0.8433734939759037,0.8160237388724035,0.8,0.7485714285714286,0.6363636363636364,0.5572519083969466,0.44339622641509435,0.33624454148471616,0.24390243902439024,0.1701720841300191,0.11272727272727273,0.05154639175257732,0.018302828618968387,0.011570247933884297,0.0016366612111292963,0.4858902729241854,0.17813875744383317,0.17813875744383317,0.17810961213225412,0.17855205760933285,0.17702816636778898,0.17887746233405968,0.1774803894412394,0.17571168640942783,0.17298607177003805,0.17069859486807937,0.15721206124520865,0.14443246222191836,0.12635595756970824,0.09499795464328219,0.06987815287091481,0.04538894806669447,0.017228906683261765,0.01632035238592616,0.008130081300813009,0.12871928593724283,0.8847352024922118,0.8847352024922118,0.881619937694704,0.8753894080996885,0.8722741433021807,0.8566978193146417,0.8473520249221184,0.8161993769470405,0.7414330218068536,0.6822429906542056,0.5856697819314641,0.4797507788161994,0.37383177570093457,0.2772585669781931,0.19314641744548286,0.09345794392523364,0.03426791277258567,0.021806853582554516,0.003115264797507788,0.5476307591408427,0.9759450171821306,0.9759450171821306,0.9725085910652921,0.9656357388316151,0.9621993127147767,0.9450171821305842,0.9347079037800687,0.9003436426116839,0.8178694158075601,0.7525773195876289,0.6460481099656358,0.5292096219931272,0.41237113402061853,0.30584192439862545,0.21305841924398625,0.10309278350515463,0.037800687285223365,0.024054982817869417,0.003436426116838488,0.6040875384337131,0.18075626428669214,0.18075626428669214,0.18076160344311556,0.18124017704357462,0.1799718789745744,0.18190710832906373,0.18075722141343675,0.1796033626942456,0.17814621560459518,0.17749536870756824,0.16663469007908993,0.15638064051443126,0.14080876146913882,0.10942955708696646,0.0828779052150933,0.056562117128154864,0.020833426150750334,0.019578534672874296,0.00909090909090909,0.1349258950626825,0.9817541613316261,0.9817541613316261,0.9785094763893349,0.9731963765771596,0.9696482683982683,0.9610156106519743,0.9521297534165181,0.9249429959353622,0.8731298580038075,0.8383387034071965,0.7585164539951773,0.6724712877310279,0.5886176323676324,0.4809336107088915,0.384267166525231,0.24319384319384324,0.21995933359569725,0.1717687074829932,0.07142857142857142,0.685556630130102,0.6101518097449047,0.6101518097449047,0.6118147670806785,0.6149577172865345,0.6163098390041163,0.6222500094616193,0.625547793064805,0.6350784321640791,0.6563987208091443,0.6728355258807358,0.6979895209361096,0.7260961314480446,0.7561965127528832,0.7833488583904147,0.8104930894860896,0.849649552008056,0.9030945995433556,0.9280078203440053,0.9555555555555556,0.7203120034055808,0.396995755189877,0.396995755189877,0.3962637822850655,0.39535121098286186,0.3929594026853398,0.39146383218137265,0.3877993906351586,0.37870274486685296,0.3581306827443811,0.34125931469085075,0.3034375613309554,0.2632329505159007,0.21733815124978859,0.1622929350595885,0.11617536264081545,0.06513031370446848,0.024298120737806708,0.01886519374126823,0.0050326291416414835,0.26377500471441423,284.0,284.0,283.0,281.0,280.0,275.0,272.0,262.0,238.0,219.0,188.0,154.0,120.0,89.0,62.0,30.0,11.0,7.0,1.0,175.78947368421052,37.0,37.0,38.0,40.0,41.0,46.0,49.0,59.0,83.0,102.0,133.0,167.0,201.0,232.0,259.0,291.0,310.0,314.0,320.0,145.21052631578948,7.0,7.0,8.0,10.0,11.0,16.0,19.0,29.0,53.0,72.0,103.0,137.0,171.0,202.0,229.0,261.0,280.0,284.0,290.0,115.21052631578948,0.35514018691588783,0.6728355258807358,0.45794392523364486,0.6822429906542056,0.7525773195876289,0.0,1.0,0.0,0.1319345176569506,0.7156862745098039,0.03313391624482283,0.4532133522122184,147.35098016788115,219,102,72,33,0,3,0,37.0,2173,0.27124183006535946,0.2585669781931464,0.2852233676975945,83,238,208,291,321,40,3
0332,0.5275093262214234,0.5733066159199562,0.3024245866822205,0.5275093262214234,0.5275093262214234,0.5275093262214234,0.5265979968746684,0.5254473820001457,0.5055108723407832,0.48221859534942907,0.4672963526720003,0.4348692732059032,0.40178864830858135,0.3069964994924601,0.20228570872610113,0.12190833997247005,0.06899949070271112,0.04614297577361865,0.020218318720433205,0.010213482518919712,0.007406980546051983,0.005283688541235345,0.3008269781268306,0.871875,0.871875,0.871875,0.8660436137071651,0.860248447204969,0.8042168674698795,0.7463556851311953,0.6825842696629213,0.5888594164456233,0.5012531328320802,0.3930232558139535,0.27176220806794055,0.16310679611650486,0.09506398537477148,0.06017699115044248,0.023931623931623933,0.01011804384485666,0.0067226890756302525,0.0033500837520938024,0.4574969531358764,0.3191582385669736,0.3191582385669736,0.3191582385669736,0.32019801996505265,0.3209479216706133,0.31775165678716677,0.31156026320064967,0.3199105091132403,0.3211484430700166,0.32206106522972555,0.2397996792974458,0.1505710019275055,0.0911160277112419,0.050081318371667974,0.03538186560244966,0.017081181496456897,0.010309821420402864,0.008160924920426887,0.008333333333333333,0.20009935520096403,0.8773584905660378,0.8773584905660378,0.8773584905660378,0.8742138364779874,0.8710691823899371,0.839622641509434,0.8050314465408805,0.7641509433962265,0.6981132075471698,0.6289308176100629,0.5314465408805031,0.4025157232704403,0.2641509433962264,0.16352201257861634,0.1069182389937107,0.0440251572327044,0.018867924528301886,0.012578616352201259,0.006289308176100629,0.5086064217146639,0.9928825622775801,0.9928825622775801,0.9928825622775801,0.9893238434163701,0.9857651245551602,0.9501779359430605,0.9110320284697508,0.8647686832740213,0.7900355871886121,0.7117437722419929,0.6014234875444839,0.4555160142348754,0.298932384341637,0.18505338078291814,0.12099644128113879,0.0498220640569395,0.021352313167259787,0.014234875444839857,0.0071174377224199285,0.575575950552538,0.3234188287132945,0.3234188287132945,0.3234188287132945,0.32447429212593226,0.3252485675487696,0.32431776792770506,0.3204569237385321,0.329328727300185,0.3338718075874039,0.3381706422018349,0.27434069811628037,0.18745699541284402,0.11852118829183052,0.06394318983768525,0.048078791149487314,0.020969855832241154,0.012232415902140673,0.009174311926605505,0.009174311926605505,0.21105352489294557,0.9420977174118091,0.9420977174118091,0.9420977174118091,0.9400908746686861,0.9368661726518464,0.9160456583135471,0.891675425993888,0.8702001820747758,0.8378143943755607,0.7895965230754705,0.697994582921397,0.5379010659602765,0.42622937695306107,0.3602182422931411,0.3051024053346035,0.32770628494312704,0.2948717948717949,0.3918269230769231,0.2708333333333333,0.6642771785829926,0.5733066159199562,0.5733066159199562,0.5733066159199562,0.5747693495503637,0.5760112272354942,0.5870419300485014,0.597946704999318,0.6100473931122102,0.6280254411594202,0.6455989131579145,0.6677796263113068,0.6970618653880624,0.7380414318677897,0.7788751485894317,0.809469480255566,0.8633569067412955,0.9215067555911958,0.9496063900712857,0.9838709677419355,0.7025752305042612,0.5291655605203681,0.5291655605203681,0.5291655605203681,0.5290761187828306,0.5287417552259048,0.5165186205894614,0.5008151449078557,0.49442887996278057,0.4734954801161136,0.4500601393983909,0.35698838926060544,0.24618528742474585,0.15513988745142643,0.09049529254456046,0.06150582706155624,0.02742264941798797,0.013947219524350773,0.0101317887686809,0.00723953737938449,0.31840466838830217,279.0,279.0,279.0,278.0,277.0,267.0,256.0,243.0,222.0,200.0,169.0,128.0,84.0,52.0,34.0,14.0,6.0,4.0,2.0,161.73684210526315,39.0,39.0,39.0,40.0,41.0,51.0,62.0,75.0,96.0,118.0,149.0,190.0,234.0,266.0,284.0,304.0,312.0,314.0,316.0,156.26315789473685,2.0,2.0,2.0,3.0,4.0,14.0,25.0,38.0,59.0,81.0,112.0,153.0,197.0,229.0,247.0,267.0,275.0,277.0,279.0,119.26315789473684,0.29874213836477986,0.6456617436800207,0.3805031446540881,0.6320754716981132,0.7153024911032029,0.3333333333333333,0.6666666666666666,0.0,0.074773617860642,0.671118530884808,0.03698566805362922,0.37605354293090937,129.77801047968416,201,117,80,26,1,2,0,42.0,2163,0.4273789649415693,0.4025157232704403,0.4555160142348754,128,190,153,281,318,29,3
0339,0.6039778271127788,0.6695899572873197,0.40441748745893374,0.6039778271127788,0.6039778271127788,0.6024713597211637,0.60015926933969,0.598442709710522,0.598442709710522,0.5872269486705649,0.5772996926725547,0.5448678103613623,0.5340978827370698,0.49996417308125635,0.4760038333239543,0.4298331018680778,0.34352965089087,0.2092529887581433,0.09052636556031728,0.03911091938149822,0.01605048925352265,0.0,0.4186966083824551,0.9553264604810997,0.9553264604810997,0.9486301369863014,0.935374149659864,0.9288135593220339,0.9288135593220339,0.8903654485049833,0.8594771241830066,0.7347560975609756,0.6884272997032641,0.6073446327683616,0.5546448087431693,0.4740932642487047,0.3515439429928741,0.22103004291845493,0.09845559845559845,0.044036697247706424,0.017889087656529516,0.0,0.5891762300650559,0.3818477041452059,0.3818477041452059,0.3826272486317914,0.38507708247585115,0.38558187831267615,0.38558187831267615,0.38729657560719266,0.3877647534559193,0.4040537149041462,0.41436553789656216,0.41156891965185044,0.4085130623552226,0.3897049576401742,0.3356980639077465,0.19810344659965526,0.08323572239780751,0.0347361203375833,0.014400857675009232,0.0,0.30378974886590926,0.9686411149825784,0.9686411149825784,0.9651567944250871,0.9581881533101045,0.9547038327526133,0.9547038327526133,0.9337979094076655,0.9163763066202091,0.8397212543554007,0.8083623693379791,0.7491289198606271,0.7073170731707317,0.6376306620209059,0.5156794425087108,0.3588850174216028,0.17770034843205576,0.08362369337979095,0.03484320557491289,0.0,0.6596368971208509,0.9858156028368794,0.9858156028368794,0.9822695035460993,0.975177304964539,0.9716312056737588,0.9716312056737588,0.950354609929078,0.9326241134751773,0.8546099290780141,0.8226950354609929,0.7624113475177305,0.7198581560283688,0.648936170212766,0.524822695035461,0.36524822695035464,0.18085106382978725,0.0851063829787234,0.03546099290780142,0.0,0.6713325867861143,0.3818477041452059,0.3818477041452059,0.38264681561446484,0.3850993211511011,0.385648705895322,0.385648705895322,0.38792552877468106,0.3887756362315532,0.4049017662333271,0.4150785089296416,0.419470437548258,0.42142464494880527,0.4143920920584581,0.38185434625564074,0.24963314399956246,0.11037784405383871,0.049352750809061485,0.019417475728155338,0.0,0.31396542802197924,1.0,1.0,0.9969056214543578,0.9926406926406927,0.9893291623218632,0.9893291623218632,0.9714229178781418,0.958267904465623,0.9322717393256812,0.9245316465144051,0.9040945789782999,0.8881282556159403,0.8320200139872271,0.7384197134197134,0.5347279832716726,0.3378619202148614,0.20786528286528286,0.18655677655677655,0.0,0.7570722827280211,0.6695899572873197,0.6695899572873197,0.671475233591416,0.675187757208474,0.6767520360943964,0.6767520360943964,0.6845820188479481,0.6906999066336941,0.7157199093199067,0.7255435479792859,0.7415177456354116,0.7514517095338045,0.7650035802998044,0.7868731323817528,0.8141498337086933,0.856705634994014,0.8949302946481855,0.9241208875081028,1.0,0.7574023778449435,0.6081721679728118,0.6081721679728118,0.6076967078643347,0.6074341927645979,0.6067260477885086,0.6067260477885086,0.6013790257589171,0.5961027030717369,0.5824881907011241,0.578755136466253,0.5552640635112235,0.5375390810137517,0.49848553653334154,0.4160680118048013,0.2666390048064927,0.12161832457357839,0.05389585026988243,0.02240026884716808,0.0,0.44608223839525496,278.0,278.0,277.0,275.0,274.0,274.0,268.0,263.0,241.0,232.0,215.0,203.0,183.0,148.0,103.0,51.0,24.0,10.0,0.0,189.31578947368422,9.0,9.0,10.0,12.0,13.0,13.0,19.0,24.0,46.0,55.0,72.0,84.0,104.0,139.0,184.0,236.0,263.0,277.0,287.0,97.6842105263158,4.0,4.0,5.0,7.0,8.0,8.0,14.0,19.0,41.0,50.0,67.0,79.0,99.0,134.0,179.0,231.0,258.0,272.0,282.0,92.6842105263158,0.5505226480836237,0.7255435479792859,0.6341463414634146,0.8083623693379791,0.8226950354609929,0.6666666666666666,0.3333333333333333,0.0,0.3286623802480638,0.8154657293497364,0.024330900243309004,0.6293372430602383,168.32610313119432,232,55,50,24,2,1,0,23.0,2055,0.48857644991212656,0.4843205574912892,0.4929078014184397,139,148,143,282,287,28,3
0373,0.5296283428193251,0.5812400634558591,0.30784121158832606,0.5296283428193251,0.5296283428193251,0.5272793133226952,0.5141769151956928,0.5038260775956297,0.48962169958097457,0.46098103808963303,0.4196713109642197,0.3558774094772582,0.2938816787391108,0.23465939626003657,0.2024626593782165,0.16515063320290058,0.1259643750289153,0.07678059818103375,0.0429319860924533,0.02151995804129629,0.00918355797839723,0.0040984294958330445,0.2898591432769972,0.9429530201342282,0.9429530201342282,0.9364548494983278,0.8921568627450981,0.8557692307692307,0.8207547169811321,0.7545454545454545,0.6880466472303207,0.5819672131147541,0.46954314720812185,0.3752969121140142,0.30995475113122173,0.24516129032258063,0.17922606924643583,0.10076045627376426,0.050816696914700546,0.01936619718309859,0.006956521739130435,0.0017301038062283738,0.4828638505837932,0.2974763063780367,0.2974763063780367,0.29688935286842083,0.2963356682665514,0.29662285968990276,0.292084107152409,0.28163116774218705,0.25597684394713727,0.21762176239861666,0.18393717725846517,0.14672391505421248,0.13224875015755383,0.11125219487722228,0.08853078038891801,0.058507677267955714,0.03627066578011695,0.02391324376802899,0.012123549714246368,0.009708737864077669,0.1755437403658998,0.9689655172413794,0.9689655172413794,0.9655172413793104,0.9413793103448276,0.9206896551724137,0.9,0.8586206896551725,0.8137931034482758,0.7344827586206897,0.6379310344827587,0.5448275862068965,0.4724137931034483,0.3931034482758621,0.30344827586206896,0.18275862068965518,0.09655172413793103,0.03793103448275862,0.013793103448275862,0.0034482758620689655,0.5662431941923775,0.972318339100346,0.972318339100346,0.9688581314878892,0.9446366782006921,0.9238754325259516,0.903114186851211,0.8615916955017301,0.8166089965397924,0.7370242214532872,0.6401384083044983,0.5467128027681661,0.4740484429065744,0.3944636678200692,0.3044982698961938,0.18339100346020762,0.09688581314878893,0.03806228373702422,0.01384083044982699,0.0034602076124567475,0.5682025132034239,0.2981221885067209,0.2981221885067209,0.2976503657580322,0.2975980817776282,0.2981697143701097,0.29540154479792213,0.28844668722557426,0.2698015794808266,0.2392368620214716,0.20937576858962095,0.17048027854317932,0.15683869013791962,0.13440483159364539,0.10745072830354681,0.07298817995252359,0.04565043282226946,0.02819734613212874,0.01436335403726708,0.010869565217391304,0.18595623093549993,0.9847822402982545,0.9847822402982545,0.9820068027210884,0.9646040467469038,0.9530809702158016,0.9384284465954156,0.9074766065095805,0.8645801474024043,0.8009289656065045,0.7297748330430843,0.6703063122622126,0.5830644521987017,0.5196463912563903,0.45193538128066985,0.3080835584599559,0.22204082113886867,0.20008145975887912,0.10309139784946236,0.08333333333333333,0.6448436003671456,0.5812400634558591,0.5812400634558591,0.5829587779682015,0.5934801832456482,0.6016865023787589,0.6092283118432875,0.6228967520971633,0.6362845738446047,0.6583050699342643,0.6859893106645861,0.7132552330022451,0.7343764639085383,0.7561318626837403,0.7786752919257478,0.8123788664022727,0.8488860248081622,0.8938387017288233,0.9244470949300879,0.9615384615384616,0.714570400516648,0.5368838636769123,0.5368838636769123,0.535398719625296,0.5281706798217218,0.5225874074297541,0.5127140493853939,0.4917462226343871,0.45641230290893325,0.39979924009736717,0.34254814810232337,0.2827352763236528,0.2499522628325662,0.2091258507083576,0.1639039739290681,0.10340591084288692,0.05917765893224357,0.03011733842755233,0.012931410416846085,0.005786052750179006,0.3147515911853871,281.0,281.0,280.0,273.0,267.0,261.0,249.0,236.0,213.0,185.0,158.0,137.0,114.0,88.0,53.0,28.0,11.0,4.0,1.0,164.21052631578948,9.0,9.0,10.0,17.0,23.0,29.0,41.0,54.0,77.0,105.0,132.0,153.0,176.0,202.0,237.0,262.0,279.0,286.0,289.0,125.78947368421052,8.0,8.0,9.0,16.0,22.0,28.0,40.0,53.0,76.0,104.0,131.0,152.0,175.0,201.0,236.0,261.0,278.0,285.0,288.0,124.78947368421052,0.20689655172413793,0.6859893106645861,0.2793103448275862,0.6379310344827587,0.6401384083044983,0.0,1.0,0.0,0.006579387837753212,0.6390328151986183,0.046532438478747204,0.2747509679491934,126.90802247294843,185,105,104,21,0,3,0,42.0,2235,0.24870466321243523,0.2482758620689655,0.2491349480968858,72,218,217,289,290,28,3
0427,0.7747218201627383,0.548534094284066,0.4249613319450707,0.7747218201627383,0.7747218201627383,0.7747218201627383,0.7336126800865492,0.6966594979989689,0.6908748170867981,0.5805395506133461,0.5298878497645139,0.40085621435701935,0.3742872258299225,0.30659467207038454,0.2507077778803593,0.20774562320498977,0.14717765445081749,0.10320662172107005,0.04961145157330014,0.020927133392817213,0.011056970776187008,0.0,0.3909426948050136,0.9714285714285714,0.9714285714285714,0.9714285714285714,0.9345794392523364,0.8990825688073395,0.8932926829268293,0.7642045454545454,0.6920980926430518,0.46462264150943394,0.4145785876993166,0.32409381663113007,0.23952095808383234,0.1694915254237288,0.10892857142857143,0.08,0.03672787979966611,0.016366612111292964,0.008116883116883116,0.0,0.4715784483775617,0.6178466603608623,0.6178466603608623,0.6178466603608623,0.5758606938906335,0.5398107726590521,0.5343243284170208,0.44101565717053426,0.40569557453306304,0.3458413134293586,0.3379116326216631,0.29004037756429585,0.26241707778952916,0.25463363936889455,0.19885748693443886,0.1331450845884506,0.06701438091812423,0.02675843412569076,0.015062013458239876,0.0,0.3306278130816619,0.9776357827476039,0.9776357827476039,0.9776357827476039,0.9584664536741214,0.939297124600639,0.9361022364217252,0.8594249201277955,0.8115015974440895,0.6293929712460063,0.5814696485623003,0.48562300319488816,0.38338658146964855,0.28753993610223644,0.19488817891373802,0.14696485623003194,0.07028753993610223,0.03194888178913738,0.01597444089456869,0.0,0.5402724062552547,0.9935064935064936,0.9935064935064936,0.9935064935064936,0.974025974025974,0.9545454545454546,0.9512987012987013,0.8733766233766234,0.8246753246753247,0.6396103896103896,0.5909090909090909,0.4935064935064935,0.38961038961038963,0.2922077922077922,0.19805194805194806,0.14935064935064934,0.07142857142857142,0.032467532467532464,0.016233766233766232,0.0,0.5490430622009569,0.6178466603608623,0.6178466603608623,0.6178466603608623,0.5920727524465842,0.5675356142645862,0.5635716676831792,0.48558790840693344,0.44967743518041553,0.365498047029429,0.35922436857016293,0.31601429941321735,0.2913401932093521,0.29232092471967863,0.24762873100547378,0.17761934665632348,0.09726835045441673,0.04032851883319173,0.02222222222222222,0.0,0.35376054532514495,1.0,1.0,1.0,0.9811428571428572,0.9638483965014577,0.961124654640013,0.9039307556575814,0.8729741947579133,0.8461831465843255,0.8171592168711984,0.7426695097959953,0.7171896868066222,0.6531494282300734,0.539505636557461,0.40020536966539766,0.2501262626262626,0.1388095238095238,0.07857142857142856,0.0,0.677188950958848,0.548534094284066,0.548534094284066,0.548534094284066,0.5560665924896281,0.5629462062702046,0.563868606541334,0.5842818930405498,0.5969488326660205,0.6486327051275195,0.663429635783987,0.6918380371665216,0.7219453145306632,0.7540502586452508,0.7895781463512168,0.809581538331522,0.8505349064180496,0.8895640587857793,0.912733291150522,1.0,0.6969264371658405,0.7771930284169336,0.7771930284169336,0.7771930284169336,0.7429287698586415,0.7120693130497177,0.7072356034630253,0.6156458770583083,0.5737792317691346,0.46655127460861723,0.44326668977674333,0.3753002520656662,0.317186359058807,0.27058702924126254,0.19686282912732722,0.1398844101902606,0.06863145033492898,0.029238708055317933,0.015511519710906828,0.0,0.42138202119049817,306.0,306.0,306.0,300.0,294.0,293.0,269.0,254.0,197.0,182.0,152.0,120.0,90.0,61.0,46.0,22.0,10.0,5.0,0.0,169.10526315789474,7.0,7.0,7.0,13.0,19.0,20.0,44.0,59.0,116.0,131.0,161.0,193.0,223.0,252.0,267.0,291.0,303.0,308.0,313.0,143.89473684210526,2.0,2.0,2.0,8.0,14.0,15.0,39.0,54.0,111.0,126.0,156.0,188.0,218.0,247.0,262.0,286.0,298.0,303.0,308.0,138.89473684210526,0.13099041533546327,0.663429635783987,0.17891373801916932,0.5814696485623003,0.5909090909090909,0.3333333333333333,0.3333333333333333,0.3333333333333333,-0.06471503606170725,0.5861513687600645,0.059490084985835696,0.17515625795828857,120.74419371268563,182,131,126,15,1,1,1,32.0,2118,0.38003220611916266,0.3769968051118211,0.38311688311688313,118,195,190,308,313,19,3
0561,0.7863662545872233,0.5693495889984933,0.44771730385152014,0.7863662545872233,0.7797465539964225,0.7797465539964225,0.7797465539964225,0.776037444231136,0.7656846228246873,0.702210586003083,0.6392406799090091,0.5712766176946861,0.4673100821652185,0.3422232725331617,0.22431524329701313,0.1209257466297885,0.06849131112657031,0.040992240722914755,0.018885976544117045,0.010477887298977155,0.007785861542888223,0.007217877336667514,0.415193756128232,0.9723076923076923,0.9602446483180428,0.9602446483180428,0.9602446483180428,0.9542682926829268,0.9424242424242424,0.8742690058479532,0.7855153203342619,0.7047872340425532,0.5634146341463414,0.39956331877729256,0.2618110236220472,0.15080789946140036,0.08460236886632826,0.043973941368078175,0.022328548644338118,0.007861635220125786,0.006279434850863423,0.004702194357366771,0.508402670100418,0.635983743876265,0.6331768571001901,0.6331768571001901,0.6331768571001901,0.6310951746658284,0.6220902596075903,0.5640137117940445,0.5202045539692947,0.46305744224784856,0.38759858132570546,0.29311191182838503,0.19218949484738562,0.096964656693694,0.055448325652069246,0.03821271751422333,0.015974173498974065,0.013964794750208495,0.009653677664430354,0.011079455523899967,0.3394828024610746,0.9753086419753086,0.9691358024691358,0.9691358024691358,0.9691358024691358,0.9660493827160493,0.9598765432098766,0.9228395061728395,0.8703703703703703,0.8179012345679012,0.7129629629629629,0.5648148148148148,0.4104938271604938,0.25925925925925924,0.15432098765432098,0.08333333333333333,0.043209876543209874,0.015432098765432098,0.012345679012345678,0.009259259259259259,0.5623781676413255,0.9968454258675079,0.9905362776025236,0.9905362776025236,0.9905362776025236,0.9873817034700315,0.9810725552050473,0.943217665615142,0.889589905362776,0.8359621451104101,0.7287066246056783,0.5772870662460567,0.4195583596214511,0.26498422712933756,0.15772870662460567,0.08517350157728706,0.04416403785488959,0.015772870662460567,0.012618296529968454,0.00946372239747634,0.5747966129835632,0.638947491795593,0.6378273177636234,0.6378273177636234,0.6378273177636234,0.6365814696485623,0.631207574133619,0.5949151492629754,0.5680982400840555,0.5263801537386443,0.46733205066538397,0.3842845577818256,0.2752018936229462,0.1459435626102293,0.08407407407407406,0.05658436213991768,0.022486772486772482,0.02037037037037037,0.013888888888888888,0.015432098765432098,0.3681689822821137,0.9968652973489373,0.9908346885035424,0.9908346885035424,0.9908346885035424,0.9876675697538959,0.9814206516023578,0.9449514849287834,0.8959557021930935,0.8438876682383895,0.7429808844285736,0.5985592164094863,0.44721205351874954,0.2988502510997459,0.20572095889887904,0.16637227024389284,0.16810792300001273,0.0546745027124774,0.04602169981916818,0.05714285714285714,0.6004681608868383,0.5693495889984933,0.5724300824899996,0.5724300824899996,0.5724300824899996,0.5734796915745543,0.575461593884056,0.5855287834238141,0.5980575315909081,0.6095020633203097,0.6295546709981512,0.6586952772324633,0.6914886624590475,0.7320921301201503,0.7744790254058712,0.8189620495394379,0.867146558451496,0.9547619047619047,0.9791666666666666,1.0,0.7018429708367011,0.7875788478357786,0.7833481738733282,0.7833481738733282,0.7833481738733282,0.7808131043476415,0.772741773140723,0.7214527948984093,0.6728823302083421,0.6154147005803241,0.5256837766016904,0.4068832144477892,0.28087826772455243,0.15855278322607738,0.09250319117957903,0.056430427308193205,0.026272458293248546,0.014680125742792708,0.01091701450643481,0.010128551285708233,0.4359925201551194,316.0,314.0,314.0,314.0,313.0,311.0,299.0,282.0,265.0,231.0,183.0,133.0,84.0,50.0,27.0,14.0,5.0,4.0,3.0,182.21052631578948,8.0,10.0,10.0,10.0,11.0,13.0,25.0,42.0,59.0,93.0,141.0,191.0,240.0,274.0,297.0,310.0,319.0,320.0,321.0,141.78947368421052,1.0,3.0,3.0,3.0,4.0,6.0,18.0,35.0,52.0,86.0,134.0,184.0,233.0,267.0,290.0,303.0,312.0,313.0,314.0,134.78947368421052,0.42592592592592593,0.6295546709981512,0.44753086419753085,0.7129629629629629,0.7287066246056783,0.0,1.0,0.0,0.16181212654497817,0.7207488299531981,0.040262172284644196,0.4449225369135363,145.42712900057293,231,93,86,7,0,3,0,48.0,2136,0.5366614664586583,0.5308641975308642,0.5425867507886435,172,152,145,317,324,10,3
0562,0.7110495510442416,0.5663869943596229,0.4027292180567073,0.7110495510442416,0.7099580914717092,0.7061258372605675,0.7050838504477601,0.6972460301323827,0.6691220748871506,0.6473491537754088,0.5983984133499914,0.5535455512226879,0.5233583624932826,0.4086941399943699,0.27882799917311984,0.17033934361087158,0.10213801679464884,0.05163714691186865,0.022742593641702526,0.007897991879322271,0.0052495065695726,0.0,0.39835598182424525,0.9005847953216374,0.8950437317784257,0.8895348837209303,0.8840579710144928,0.8624641833810889,0.8055555555555556,0.7520215633423181,0.6752577319587629,0.6009852216748769,0.5439429928741093,0.39186295503211993,0.26705653021442494,0.16279069767441862,0.09797297297297297,0.04838709677419355,0.018808777429467086,0.00463678516228748,0.0030864197530864196,0.0,0.46337109819132466,0.5614035087719298,0.5631462170509122,0.5605330461704133,0.5623423491015493,0.5636779310991471,0.5557957461946993,0.5572458920343253,0.5302873912470132,0.5098506023567307,0.5035527236859595,0.42624825317322107,0.2911183376061326,0.17823802217380724,0.10648012567324878,0.055105495451423396,0.027499159235160497,0.01345291479820628,0.008928571428571428,0.0,0.34604769932907636,0.9005847953216374,0.8976608187134503,0.8947368421052632,0.8918128654970761,0.8801169590643275,0.847953216374269,0.8157894736842105,0.7660818713450293,0.7134502923976608,0.6695906432748538,0.5350877192982456,0.40058479532163743,0.26608187134502925,0.1695906432748538,0.08771929824561403,0.03508771929824561,0.008771929824561403,0.005847953216374269,0.0,0.5150815635580179,1.0,0.9967532467532467,0.9935064935064936,0.9902597402597403,0.9772727272727273,0.9415584415584416,0.9058441558441559,0.8506493506493507,0.7922077922077922,0.7435064935064936,0.5941558441558441,0.4448051948051948,0.29545454545454547,0.18831168831168832,0.09740259740259741,0.03896103896103896,0.00974025974025974,0.006493506493506494,0.0,0.5719412166780588,0.5614035087719298,0.563146465512315,0.5614608416466002,0.5632729364394593,0.5653377630121816,0.563762855414398,0.568100358422939,0.5543725726530065,0.5459447799827438,0.5474986593120356,0.5044099319336592,0.39140735049302083,0.2692307692307692,0.1721113127646703,0.0935672514619883,0.051169590643274844,0.02631578947368421,0.017543859649122806,0.0,0.3747398208851473,1.0,0.998371335504886,0.9951507484714316,0.996774193548387,0.987281914245798,0.95826567092279,0.9332519992119368,0.8816584886149033,0.8284846040514339,0.7983202108695135,0.6729487126697598,0.5212258126638866,0.3676248518990454,0.2576497928486249,0.12935437165275873,0.057628596338273747,0.026785714285714284,0.017857142857142856,0.0,0.6015070610871729,0.5663869943596229,0.5680690366865272,0.5695493017944275,0.5709122629352416,0.57555712726632,0.5867800501262269,0.5970984957133726,0.6116091801745165,0.6254897426213021,0.6351289954332394,0.663262725963934,0.6942089521905744,0.7305214003394647,0.7642144901646818,0.7994797101952439,0.8365940607012036,0.9049145299145298,0.9198717948717949,1.0,0.695770992181696,0.7110495510442416,0.7109952842693854,0.7081875229246554,0.7081695713193343,0.7043454455099805,0.6865047637365178,0.6742368522821715,0.6373723849031943,0.6031194420100657,0.5806670234959846,0.47757743418771376,0.3414931619876567,0.2177748986564876,0.1343801808635244,0.0695256455595756,0.031062562356976766,0.010863149844574047,0.007225916412701,0.0,0.4218184627034074,308.0,307.0,306.0,305.0,301.0,290.0,279.0,262.0,244.0,229.0,183.0,137.0,91.0,58.0,30.0,12.0,3.0,2.0,0.0,176.1578947368421,34.0,35.0,36.0,37.0,41.0,52.0,63.0,80.0,98.0,113.0,159.0,205.0,251.0,284.0,312.0,330.0,339.0,340.0,342.0,165.8421052631579,0.0,1.0,2.0,3.0,7.0,18.0,29.0,46.0,64.0,79.0,125.0,171.0,217.0,250.0,278.0,296.0,305.0,306.0,308.0,131.8421052631579,0.4093567251461988,0.6351289954332394,0.43859649122807015,0.6695906432748538,0.7435064935064936,0.3333333333333333,0.6666666666666666,0.0,0.16504251448599946,0.7046153846153846,0.03515798842901647,0.43567251461988304,145.44453995421182,229,113,79,10,1,2,0,42.0,2247,0.5446153846153846,0.5175438596491229,0.5746753246753247,177,165,131,308,342,20,3
0563,0.50336383471134,0.5688337387022623,0.28633033202635916,0.50336383471134,0.5015422406825116,0.4998017836301271,0.49231650107969194,0.487843149647581,0.468502526317694,0.4439249888712801,0.4195096929157364,0.36431800402756725,0.3249782892757011,0.2581427030339052,0.22315990729342022,0.15993611850647924,0.10359789081233373,0.06867740010208516,0.044132900082479436,0.021752145433254176,0.010053914940820969,0.0,0.28397652586126365,0.940251572327044,0.9341692789968652,0.928125,0.8984615384615384,0.8810975609756098,0.8254437869822485,0.7528409090909091,0.6811989100817438,0.578005115089514,0.5012165450121655,0.3711111111111111,0.30168776371308015,0.19805825242718447,0.11978221415607986,0.06932409012131716,0.04047217537942664,0.019834710743801654,0.009819967266775777,0.0,0.4763631843124428,0.26947591214149524,0.269270917856504,0.26914674523351534,0.26976729315578374,0.27010736290604725,0.2659110415846911,0.26176765019629017,0.25835094543697507,0.2296305077474537,0.21070910278510038,0.17956254376253253,0.16507246966294092,0.12915171011277513,0.08960030549092553,0.06803674273297872,0.04812473882192656,0.023854939810367626,0.010293436107394626,0.0,0.17304391397608934,0.943217665615142,0.9400630914826499,0.9369085173501577,0.9211356466876972,0.9116719242902208,0.8801261829652997,0.8359621451104101,0.7886435331230284,0.7129337539432177,0.6498422712933754,0.526813880126183,0.45110410094637227,0.3217665615141956,0.2082018927444795,0.12618296529968454,0.07570977917981073,0.03785488958990536,0.01892744479495268,0.0,0.5414245392661464,0.9966666666666667,0.9933333333333333,0.99,0.9733333333333334,0.9633333333333334,0.93,0.8833333333333333,0.8333333333333334,0.7533333333333333,0.6866666666666666,0.5566666666666666,0.4766666666666667,0.34,0.22,0.13333333333333333,0.08,0.04,0.02,0.0,0.5721052631578947,0.26947591214149524,0.2693452567629322,0.26927665619254404,0.27010808932457886,0.27048660035757016,0.2681466168351908,0.2654921026777842,0.26419652870494,0.2431025044208404,0.22830267757225386,0.2028770229900679,0.1910170826058676,0.15698142185223,0.1160442880069048,0.09322207387627948,0.06817979528259902,0.03483162735499184,0.012520397567126538,0.0,0.1838740344487472,1.0,0.9968416896960126,0.994058229352347,0.9823923918882622,0.9773246149670941,0.9573685447894809,0.9204018601327147,0.8909747641247641,0.8244029554805193,0.763204317812399,0.6537643313400622,0.5827720094019971,0.47323876623184585,0.33745068063249883,0.23300447101917685,0.17291217769158948,0.10495156395891687,0.10750661375661374,0.0,0.6301352622250682,0.5688337387022623,0.5704375126881455,0.5719092439317642,0.5787960535368344,0.5824691545073718,0.5936485025983019,0.6082009350202563,0.6225599710855538,0.6436855024939859,0.6602246449460307,0.6907538579846526,0.7107579482176262,0.7469417870316477,0.7860284471587797,0.8235093299776194,0.8596658570202703,0.9018849181831962,0.9290849673202614,1.0,0.7078627564423453,0.5041571588201562,0.5031219051945123,0.50216120720975,0.4984899899057577,0.49623512502191247,0.483771919439586,0.46779038722338256,0.45138321013867,0.4046125800173288,0.3700374061308653,0.3075646930401266,0.2728825168791476,0.2038546091621816,0.13658313656412446,0.09265569570932494,0.060361522092257786,0.030050392887536505,0.013958095990251837,0.0,0.30524587112773016,299.0,298.0,297.0,292.0,289.0,279.0,265.0,250.0,226.0,206.0,167.0,143.0,102.0,66.0,40.0,24.0,12.0,6.0,0.0,171.6315789473684,18.0,19.0,20.0,25.0,28.0,38.0,52.0,67.0,91.0,111.0,150.0,174.0,215.0,251.0,277.0,293.0,305.0,311.0,317.0,145.3684210526316,1.0,2.0,3.0,8.0,11.0,21.0,35.0,50.0,74.0,94.0,133.0,157.0,198.0,234.0,260.0,276.0,288.0,294.0,300.0,128.3684210526316,0.30914826498422715,0.6602246449460307,0.35331230283911674,0.6498422712933754,0.6866666666666666,0.0,1.0,0.0,0.08834787652644269,0.6677471636952999,0.044193700047014575,0.34969675698524216,136.00627685888233,206,111,94,14,0,3,0,43.0,2127,0.2917341977309562,0.28391167192429023,0.3,90,227,210,300,317,22,3
0564,0.5144906423387503,0.5854377458245655,0.30120224189863076,0.5144906423387503,0.5016896584447929,0.48341043076449486,0.48153217823326755,0.4747543928647999,0.4466073453379639,0.4245268703873707,0.38200904749984305,0.3434125706313573,0.30175449684974376,0.26490282219294153,0.20256048082849554,0.1339267562873806,0.08096289858200209,0.04053152073674725,0.02783044679610113,0.01644572501089078,0.011635549720936889,0.008255942748435566,0.27059156717138505,0.8203389830508474,0.8080808080808081,0.79,0.7781456953642384,0.7664473684210527,0.7322580645161291,0.6993670886075949,0.6322188449848024,0.5747800586510264,0.5,0.41688654353562005,0.3226600985221675,0.2040358744394619,0.12108559498956159,0.050880626223091974,0.032692307692307694,0.017045454545454544,0.011299435028248588,0.0075046904315197,0.4360909230044175,0.32267224467343497,0.3114694853206855,0.29580461338217023,0.29798177906200324,0.29407333475324093,0.272387742211653,0.25769451639440255,0.2308234142802961,0.20517794918706225,0.18211155273808405,0.16832758527210498,0.12716399883778132,0.08790795294668254,0.05413518385374116,0.03228742048162512,0.023691621165454126,0.01586709643985186,0.011981662531792912,0.009082398706170653,0.16845481853885463,0.8287671232876712,0.821917808219178,0.8116438356164384,0.8047945205479452,0.797945205479452,0.7773972602739726,0.7568493150684932,0.7123287671232876,0.6712328767123288,0.613013698630137,0.541095890410959,0.4486301369863014,0.3116438356164384,0.19863013698630136,0.08904109589041095,0.05821917808219178,0.030821917808219176,0.02054794520547945,0.0136986301369863,0.48990627253064156,0.9877551020408163,0.9795918367346939,0.9673469387755103,0.9591836734693877,0.9510204081632653,0.926530612244898,0.9020408163265307,0.8489795918367347,0.8,0.7306122448979592,0.6448979591836734,0.5346938775510204,0.37142857142857144,0.23673469387755103,0.10612244897959183,0.06938775510204082,0.036734693877551024,0.024489795918367346,0.0163265306122449,0.5838882921589689,0.3244258874091075,0.3163817729194482,0.3046525465740538,0.30690845477184714,0.30416802756560485,0.28684643646251773,0.2743752101847209,0.24889302189243775,0.22283816063140877,0.2004747173761166,0.1877732546348718,0.14945355469718744,0.10564794573472812,0.06699363519174992,0.03946201773304577,0.028711484593837537,0.017195767195767195,0.013194444444444446,0.010267857142857143,0.17940337879767113,0.9931711481007256,0.9852503912363068,0.9740100235732256,0.970597342922785,0.9639777146426486,0.9468935492544106,0.9305307713551293,0.9030984786926688,0.8743890256269025,0.8194149270287278,0.7367129765618032,0.6159815356225457,0.4840467461530044,0.3652102116234563,0.2677308445156915,0.187159958027098,0.18257320053297063,0.1291989061385613,0.0877377531472359,0.6535623949871526,0.5854377458245655,0.5896682455582888,0.5954616381350998,0.5990131023298383,0.6023427331557502,0.6111128302953542,0.6189669879110051,0.6344343365372828,0.6476190612278286,0.6640910470232568,0.68160272039485,0.7048989906279997,0.7410883361467051,0.7789114062006204,0.8409125305494585,0.8765982111207791,0.9340180516651105,0.9652777777777778,0.9895833333333334,0.7190020571481529,0.5171268200188212,0.5059667150138765,0.48998774576364895,0.4897081814838595,0.4844114031747214,0.46016680076636574,0.4416287108307273,0.40549002221691127,0.3711093977128143,0.33412105067961545,0.3017968930150479,0.23885058555155292,0.16551728501124446,0.10369608953401867,0.05361816206434533,0.037139018722731454,0.02211457307578424,0.01569071525373611,0.011154210892415237,0.28680496740959144,242.0,240.0,237.0,235.0,233.0,227.0,221.0,208.0,196.0,179.0,158.0,131.0,91.0,58.0,26.0,17.0,9.0,6.0,4.0,143.05263157894737,50.0,52.0,55.0,57.0,59.0,65.0,71.0,84.0,96.0,113.0,134.0,161.0,201.0,234.0,266.0,275.0,283.0,286.0,288.0,148.94736842105263,3.0,5.0,8.0,10.0,12.0,18.0,24.0,37.0,49.0,66.0,87.0,114.0,154.0,187.0,219.0,228.0,236.0,239.0,241.0,101.94736842105263,0.3184931506849315,0.6640910470232568,0.386986301369863,0.613013698630137,0.7306122448979592,0.3333333333333333,0.6666666666666666,0.0,0.1125763610176814,0.6666666666666666,0.031235210601041175,0.3825307191929316,118.87229741716297,179,113,66,20,1,2,0,26.0,2113,0.33891992551210426,0.3116438356164384,0.37142857142857144,91,201,154,245,292,26,3
0565,0.8000523245698621,0.5710589455851177,0.4568770368817878,0.8000523245698621,0.7929903436983802,0.7725593642697736,0.7312020449541976,0.7159555019106724,0.6785340532690015,0.6552074383633633,0.6289345756959431,0.5603396892450269,0.49356776352934817,0.38154668207144593,0.24263630289450222,0.16378199380154423,0.09888771693922806,0.0497979909204932,0.024679602306403238,0.012469332272859613,0.006795226425847498,0.0,0.4110493656388364,0.9666666666666667,0.9601328903654485,0.9407894736842105,0.8971061093247589,0.8789808917197452,0.826625386996904,0.7987804878048781,0.7559523809523809,0.6761363636363636,0.5945945945945946,0.44963144963144963,0.2826086956521739,0.18712273641851107,0.10694183864915573,0.05169340463458111,0.02608695652173913,0.012006861063464836,0.005110732538330494,0.0,0.4956298905713346,0.6621555745341102,0.6549444264528076,0.6344118296557995,0.5959790318980549,0.5831665802350547,0.556973532011042,0.5374402527863786,0.523258753425043,0.4643746206084498,0.4097062761922006,0.3237715482737143,0.20831763632202932,0.1433526572292872,0.09144017612727003,0.04797207530143209,0.023348172850085256,0.012949616599137192,0.009034928326266909,0.0,0.3411893520435876,0.9698996655518395,0.9665551839464883,0.9565217391304348,0.9331103678929766,0.9230769230769231,0.8929765886287625,0.8762541806020067,0.8494983277591973,0.7959866220735786,0.7357859531772575,0.6120401337792643,0.43478260869565216,0.3110367892976589,0.19063545150501673,0.09698996655518395,0.05016722408026756,0.023411371237458192,0.010033444816053512,0.0,0.5594085548318958,0.9965635738831615,0.993127147766323,0.9828178694158075,0.9587628865979382,0.9484536082474226,0.9175257731958762,0.9003436426116839,0.872852233676976,0.8178694158075601,0.7560137457044673,0.6288659793814433,0.44673539518900346,0.31958762886597936,0.1958762886597938,0.09965635738831616,0.05154639175257732,0.024054982817869417,0.010309278350515464,0.0,0.5747874841743534,0.6623144328548072,0.6581022695441676,0.6456775458758276,0.6207012125278429,0.611938969439664,0.5939743382752906,0.5786271127562633,0.5696490481926154,0.5242094451057944,0.48301285046988945,0.40171070850176166,0.2841307905088473,0.20309718533890406,0.12819974344075408,0.07010401129757514,0.034563413380333405,0.021126428099329613,0.016090997364405602,0.0,0.37406476331442495,0.9967016491754123,0.9932639521883674,0.9832179755453414,0.9607443725503292,0.9512698589202536,0.9246749017144719,0.9106590860705384,0.8858798306187394,0.8343126715303207,0.7701924123663253,0.6587587391578837,0.48051647220051713,0.3667538827509127,0.2880815074784654,0.1711477565432941,0.10974137680020031,0.10061613002789473,0.021618903971845144,0.0,0.6004290252426902,0.5710589455851177,0.5727832766330688,0.5776008274263166,0.5875577993159524,0.5916221627472523,0.6025032451692566,0.6077089365656287,0.6151033279986309,0.6273095802324535,0.6402111588450529,0.6640277367730476,0.7011702480271653,0.7320443529663323,0.765679388143909,0.8055449303522294,0.8446462185376213,0.8863095238095238,0.9220238095238095,1.0,0.7007844983501247,0.8013890879491182,0.7956380650677924,0.7789921094769102,0.7457306576176778,0.7336944953621132,0.7052406146640543,0.6862465069695172,0.66671390867443,0.6079769614342467,0.5490502007565274,0.44515298687009125,0.30095329431226375,0.21115859026306583,0.13202931213075517,0.0682115091393576,0.03422445060530623,0.017411728276801004,0.009521105753986653,0.0,0.4362808202802113,290.0,289.0,286.0,279.0,276.0,267.0,262.0,254.0,238.0,220.0,183.0,130.0,93.0,57.0,29.0,15.0,7.0,3.0,0.0,167.26315789473685,9.0,10.0,13.0,20.0,23.0,32.0,37.0,45.0,61.0,79.0,116.0,169.0,206.0,242.0,270.0,284.0,292.0,296.0,299.0,131.73684210526315,1.0,2.0,5.0,12.0,15.0,24.0,29.0,37.0,53.0,71.0,108.0,161.0,198.0,234.0,262.0,276.0,284.0,288.0,291.0,123.73684210526316,0.4782608695652174,0.6402111588450529,0.4983277591973244,0.7357859531772575,0.7560137457044673,0.3333333333333333,0.6666666666666666,0.0,0.2135332941334837,0.7457627118644068,0.03323970037453183,0.4957252466542353,140.84645494591163,220,79,71,6,1,2,0,35.0,2136,0.559322033898305,0.5518394648829431,0.5670103092783505,165,134,126,291,299,9,3
0566,0.6879769175232451,0.6214449844324319,0.4275398048001055,0.6879769175232451,0.6879769175232451,0.6879769175232451,0.683811692153214,0.683811692153214,0.6826988586003944,0.6757127491254685,0.6637149855126219,0.6187458570491117,0.5235291907818516,0.4393157526734707,0.3068245779882528,0.18616086814924257,0.12749118780722957,0.0631207883151697,0.025565262361983396,0.012628556711789796,0.009221220149145075,0.005847603644997667,0.4090595576708891,0.9583333333333334,0.9583333333333334,0.9583333333333334,0.952076677316294,0.952076677316294,0.945859872611465,0.9274447949526814,0.8975155279503105,0.8238805970149253,0.7211267605633803,0.5953002610966057,0.4045977011494253,0.2318548387096774,0.14634146341463414,0.07005253940455342,0.02689075630252101,0.011589403973509934,0.00825082508250825,0.004934210526315789,0.557620679336058,0.49389103204673324,0.49389103204673324,0.49389103204673324,0.4911352640666555,0.4911352640666555,0.4927555814874219,0.49230716676133124,0.49081889758503255,0.4646867968520736,0.3800757766728461,0.3242033359628213,0.23267883477889886,0.1494722690410393,0.11106902028473825,0.05687493917271882,0.024305104411502604,0.013760884078889462,0.010305745205926694,0.006930078926835308,0.3007467397629256,0.9583333333333334,0.9583333333333334,0.9583333333333334,0.9551282051282052,0.9551282051282052,0.9519230769230769,0.9423076923076923,0.9262820512820513,0.8846153846153846,0.8205128205128205,0.7307692307692307,0.5641025641025641,0.3685897435897436,0.25,0.1282051282051282,0.05128205128205128,0.022435897435897436,0.016025641025641024,0.009615384615384616,0.6027327935222672,1.0,1.0,1.0,0.9966555183946488,0.9966555183946488,0.9933110367892977,0.9832775919732442,0.9665551839464883,0.9230769230769231,0.8561872909698997,0.7625418060200669,0.5886287625418061,0.38461538461538464,0.2608695652173913,0.13377926421404682,0.05351170568561873,0.023411371237458192,0.016722408026755852,0.010033444816053512,0.6289385671536701,0.49389103204673324,0.49389103204673324,0.49389103204673324,0.49203134784864533,0.49203134784864533,0.4936546823865228,0.4941148395638872,0.49403113817410355,0.4787683354104172,0.41890681748519476,0.37563837047937265,0.28910475743836067,0.1983645710865588,0.15487426742729574,0.0789886451801183,0.03122230694492886,0.01786171864593258,0.013410823469119018,0.009435657800143783,0.3165322485962867,1.0,1.0,1.0,0.996705308114704,0.996705308114704,0.996694214876033,0.9902558750773036,0.9776562928086534,0.9380312960705091,0.8757861575071451,0.793016486282879,0.6394202850736415,0.4673167849220789,0.3766629182393714,0.22596978975558893,0.13915908857204,0.0799501976590962,0.07311448724905047,0.05387502260806656,0.664227342785835,0.6214449844324319,0.6214449844324319,0.6214449844324319,0.6229175894283389,0.6229175894283389,0.6240354631607268,0.6270144971512431,0.6314349272894039,0.6410620581557599,0.6540540070135576,0.6696727678137736,0.6969837568508237,0.7359052508580979,0.7673312288837935,0.8094487899519465,0.8644617806918088,0.924704618689581,0.9509090909090908,0.9848484848484849,0.7206335186537929,0.6879769175232451,0.6879769175232451,0.6879769175232451,0.6849066675417547,0.6849066675417547,0.6848835005316791,0.6811055940288615,0.674267554656947,0.6411466989098424,0.5584416240990976,0.486742049174272,0.36229094290524805,0.2347209946289719,0.16663509555668207,0.08539121072040895,0.035304611750397244,0.01757093576965205,0.01285131017335984,0.008163049325864284,0.4254346978886594,299.0,299.0,299.0,298.0,298.0,297.0,294.0,289.0,276.0,256.0,228.0,176.0,115.0,78.0,40.0,16.0,7.0,5.0,3.0,188.05263157894737,13.0,13.0,13.0,14.0,14.0,15.0,18.0,23.0,36.0,56.0,84.0,136.0,197.0,234.0,272.0,296.0,305.0,307.0,309.0,123.94736842105263,0.0,0.0,0.0,1.0,1.0,2.0,5.0,10.0,23.0,43.0,71.0,123.0,184.0,221.0,259.0,283.0,292.0,294.0,296.0,110.94736842105263,0.6442307692307693,0.6540540070135576,0.6826923076923077,0.8205128205128205,0.8561872909698997,0.6666666666666666,0.3333333333333333,0.0,0.360377646780355,0.8379705400981997,0.020206766917293232,0.679233393442155,167.43782579547076,256,56,43,12,2,1,0,35.0,2128,0.49427168576104746,0.483974358974359,0.5050167224080268,151,161,148,299,312,17,3
0567,0.7682333946752178,0.6357143401744845,0.4883769855959604,0.7682333946752178,0.7682333946752178,0.7682333946752178,0.7658134883193259,0.7587771829137979,0.7496152962920654,0.7496152962920654,0.7285108103369061,0.6909653977970406,0.6346809327269589,0.5501798806776896,0.41474236211782134,0.3213575218528833,0.2087905929868951,0.1235856209463112,0.07305699800015165,0.02539804706764664,0.014584929409299667,0.003113995776646092,0.47986781776521875,0.9501557632398754,0.9501557632398754,0.9501557632398754,0.9380804953560371,0.9320987654320988,0.9143730886850153,0.9143730886850153,0.8798798798798799,0.8092485549132948,0.7103825136612022,0.5888324873096447,0.43249427917620137,0.31236897274633124,0.19694072657743786,0.11190053285968028,0.06462585034013606,0.02287581699346405,0.011308562197092083,0.0016,0.5627289949753767,0.6211429446912822,0.6211429446912822,0.6211429446912822,0.6251812097097559,0.6176843427570665,0.61454465293063,0.61454465293063,0.6031823353549008,0.5899710021774164,0.5670464554245442,0.5140645389413432,0.39771908026786035,0.3306047202559086,0.221353462421995,0.1364909112974259,0.08258808091039388,0.028198371889174373,0.018810540382309063,0.006060606060606061,0.4121828314624109,0.9501557632398754,0.9501557632398754,0.9501557632398754,0.9439252336448598,0.940809968847352,0.9314641744548287,0.9314641744548287,0.9127725856697819,0.8722741433021807,0.8099688473520249,0.7227414330218068,0.5887850467289719,0.46417445482866043,0.32087227414330216,0.19626168224299065,0.11838006230529595,0.04361370716510903,0.021806853582554516,0.003115264797507788,0.6143630103295622,1.0,1.0,1.0,0.9934426229508196,0.9901639344262295,0.980327868852459,0.980327868852459,0.9606557377049181,0.9180327868852459,0.8524590163934426,0.760655737704918,0.6196721311475409,0.4885245901639344,0.3377049180327869,0.20655737704918034,0.12459016393442623,0.04590163934426229,0.022950819672131147,0.003278688524590164,0.6465918895599654,0.6211429446912822,0.6211429446912822,0.6211429446912822,0.6251812097097559,0.6207835613046976,0.6196042884380957,0.6196042884380957,0.6122611718924436,0.605607476635514,0.5934579439252337,0.5595391556558169,0.4739652870493992,0.41554287147964625,0.2955267217130932,0.19982198486871383,0.12493851451057549,0.042723631508678236,0.028037383177570093,0.009345794392523364,0.4373352694091421,1.0,1.0,1.0,1.0,0.9967202775149794,0.9902213728300686,0.9902213728300686,0.972195281580947,0.9391068108925251,0.899174394174394,0.8459976612665098,0.7138409121549646,0.6160115622065343,0.4681039392903801,0.3154615701831198,0.22095248364204656,0.14578553821895227,0.055545479758554825,0.01694915254237288,0.6940151478466536,0.6357143401744845,0.6357143401744845,0.6357143401744845,0.6387680524985607,0.6401547016790196,0.6438244543983475,0.6438244543983475,0.6494366901749838,0.6597598445202538,0.6742926774257348,0.6933271229493885,0.7209602819239607,0.7465929096139939,0.7799337548789269,0.8162133822064769,0.8460843193025136,0.8997864448640848,0.926095349325163,0.9565217391304348,0.7285641684112444,0.7682333946752178,0.7682333946752178,0.7682333946752178,0.7681954955905804,0.7623146248543136,0.756588611999717,0.756588611999717,0.7420028974823686,0.7173677233451717,0.6777093506033907,0.6095373175943871,0.48391223094742697,0.3917374960207003,0.26650738991037287,0.163670204564275,0.09887761204563575,0.03506901102265779,0.02025336268192872,0.004345157386351893,0.5031251201091921,305.0,305.0,305.0,303.0,302.0,299.0,299.0,293.0,280.0,260.0,232.0,189.0,149.0,103.0,63.0,38.0,14.0,7.0,1.0,197.21052631578948,16.0,16.0,16.0,18.0,19.0,22.0,22.0,28.0,41.0,61.0,89.0,132.0,172.0,218.0,258.0,283.0,307.0,314.0,320.0,123.78947368421052,0.0,0.0,0.0,2.0,3.0,6.0,6.0,12.0,25.0,45.0,73.0,116.0,156.0,202.0,242.0,267.0,291.0,298.0,304.0,107.78947368421052,0.6479750778816199,0.6742926774257348,0.6697819314641744,0.8099688473520249,0.8524590163934426,0.6666666666666666,0.3333333333333333,0.0,0.3841622932420282,0.8306709265175719,0.021216407355021217,0.6671492272896752,175.31609613069105,260,61,45,7,2,1,0,26.0,2121,0.6230031948881789,0.6074766355140186,0.639344262295082,195,126,110,305,321,13,3
0570,0.6956611213912968,0.6290051665331473,0.43757443951136865,0.6956611213912968,0.6956611213912968,0.6956611213912968,0.6956611213912968,0.6956611213912968,0.6818577209420025,0.6450296985337768,0.6150754429593474,0.5823099323268376,0.504541129205689,0.3983892452605351,0.33284525094990314,0.26534049224629225,0.19130358427420996,0.10921675189457081,0.06499935720078993,0.029966867214541833,0.013281458453254475,0.008879898657251974,0.41691275984607823,0.9658703071672355,0.9658703071672355,0.9658703071672355,0.9658703071672355,0.9658703071672355,0.9393939393939394,0.8885245901639345,0.8402555910543131,0.8,0.6842105263157895,0.536,0.4222222222222222,0.2914798206278027,0.18518518518518517,0.10556621880998081,0.06469500924214418,0.026737967914438502,0.012302284710017574,0.006993006993006993,0.5596272578141555,0.501044904501453,0.501044904501453,0.501044904501453,0.501044904501453,0.501044904501453,0.49492543235713926,0.46826313711116363,0.4502413367543821,0.4238560716081076,0.3720517900109911,0.2961081916777216,0.26238780255766736,0.24154528664750063,0.19762413132326265,0.11299352225422768,0.06530513691871694,0.03358569108645893,0.014338567412757656,0.011275921823318352,0.3131435022131937,0.9658703071672355,0.9658703071672355,0.9658703071672355,0.9658703071672355,0.9658703071672355,0.9522184300341296,0.9249146757679181,0.8976109215017065,0.8737201365187713,0.7986348122866894,0.6860068259385665,0.5836177474402731,0.44368600682593856,0.30716723549488056,0.18771331058020477,0.11945392491467577,0.051194539249146756,0.023890784982935155,0.013651877133105802,0.6154122507634273,1.0,1.0,1.0,1.0,1.0,0.9858657243816255,0.9575971731448764,0.9293286219081273,0.9045936395759717,0.8268551236749117,0.7102473498233216,0.6042402826855123,0.45936395759717313,0.31802120141342755,0.19434628975265017,0.12367491166077739,0.053003533568904596,0.024734982332155476,0.014134275618374558,0.6371582666914637,0.501044904501453,0.501044904501453,0.501044904501453,0.501044904501453,0.501044904501453,0.4984842623447782,0.4836793697202699,0.47340562974435196,0.455283587339575,0.41709194912434966,0.34937086082317215,0.3129159422857586,0.29326821926232827,0.24408093134160883,0.15241665550943903,0.09428631540981636,0.05273862122168455,0.022016170238345706,0.015437618346307594,0.3352474029062658,1.0,1.0,1.0,1.0,1.0,0.9873047875064006,0.9653433052187665,0.9405187930685582,0.916477919292717,0.8542188768998724,0.7586028862367755,0.6801232908818048,0.5923057033464274,0.4990347506523977,0.35234057609057606,0.23601713762428048,0.09319749694749695,0.05176609105180534,0.05613553113553114,0.6833361655764952,0.6290051665331473,0.6290051665331473,0.6290051665331473,0.6290051665331473,0.6290051665331473,0.6341417003690973,0.643265269779128,0.6515086857767153,0.6574884175220391,0.674258338188606,0.6989865401489332,0.7212539285796452,0.7517620523797792,0.7857526664772755,0.8242197495557003,0.8586743289225642,0.9023652833292597,0.9482615268329554,0.9708333333333333,0.7298840870453036,0.6956611213912968,0.6956611213912968,0.6956611213912968,0.6956611213912968,0.6956611213912968,0.6864962623227296,0.6581059547179618,0.6357212763328447,0.6085487529769048,0.5450995427225698,0.45070194220487053,0.39132362346849053,0.3273686968851119,0.24638112363905604,0.14563786642373994,0.08832301467925013,0.04146569643133273,0.018508366514133925,0.012407155165244307,0.43865236218109066,283.0,283.0,283.0,283.0,283.0,279.0,271.0,263.0,256.0,234.0,201.0,171.0,130.0,90.0,55.0,35.0,15.0,7.0,4.0,180.31578947368422,10.0,10.0,10.0,10.0,10.0,14.0,22.0,30.0,37.0,59.0,92.0,122.0,163.0,203.0,238.0,258.0,278.0,286.0,289.0,112.6842105263158,0.0,0.0,0.0,0.0,0.0,4.0,12.0,20.0,27.0,49.0,82.0,112.0,153.0,193.0,228.0,248.0,268.0,276.0,279.0,102.6842105263158,0.5699658703071673,0.674258338188606,0.6313993174061433,0.7986348122866894,0.8268551236749117,0.3333333333333333,0.6666666666666666,0.0,0.3098172393724703,0.8125,0.0253099173553719,0.6271151109040842,157.7764511361338,234,59,49,18,1,2,0,38.0,1936,0.4895833333333333,0.4812286689419795,0.49823321554770317,141,152,142,283,293,20,3
0571,0.6490315262321494,0.5639305937313316,0.36600873393844835,0.6490315262321494,0.6480058129654578,0.6460164861908635,0.6450015901400196,0.6403544364326208,0.6329897780595154,0.6059861779513348,0.5784929983435065,0.5365862450296885,0.43983945176905975,0.34520799144549225,0.22977804763980475,0.11988187388228974,0.0620949199738428,0.027299574803015078,0.013119443590235839,0.006503791274971457,0.0,0.0,0.35927316556441413,0.8885448916408669,0.8827160493827161,0.8769230769230769,0.8711656441717791,0.8541033434650456,0.8373493975903614,0.7478510028653295,0.6991643454038997,0.6397849462365591,0.5136476426799007,0.3926940639269406,0.2681912681912682,0.14661654135338345,0.07017543859649122,0.030405405405405407,0.014975041597337771,0.004942339373970346,0.0,0.0,0.4599605494107543,0.474080630034719,0.47570397516921586,0.47591095663114663,0.47755217858559207,0.4800985822106443,0.47850522169223403,0.49103263412243414,0.47864876310180565,0.4500337184373221,0.37663707035265864,0.30346411699261633,0.19686677919545847,0.0980221164192506,0.05494485198345067,0.024510996465547004,0.011493777763393949,0.008558558558558558,0.0,0.0,0.2818981540903183,0.8913043478260869,0.8881987577639752,0.8850931677018633,0.8819875776397516,0.8726708074534162,0.8633540372670807,0.8105590062111802,0.7795031055900621,0.7391304347826086,0.6428571428571429,0.5341614906832298,0.40062111801242234,0.2422360248447205,0.12422360248447205,0.055900621118012424,0.027950310559006212,0.009316770186335404,0.0,0.0,0.5078457012095456,0.9965277777777778,0.9930555555555556,0.9895833333333334,0.9861111111111112,0.9756944444444444,0.9652777777777778,0.90625,0.8715277777777778,0.8263888888888888,0.71875,0.5972222222222222,0.4479166666666667,0.2708333333333333,0.1388888888888889,0.0625,0.03125,0.010416666666666666,0.0,0.0,0.5677997076023392,0.474080630034719,0.47570397516921586,0.47603152265690973,0.4776731691396149,0.48041118744489064,0.47961117736826586,0.49339165830038045,0.48877786536563195,0.47378480804086337,0.42944620975311515,0.3770198565684202,0.2751910348353577,0.1528223410576352,0.09053475935828878,0.036601307189542485,0.017330164388987917,0.00956625074272133,0.0,0.0,0.30041989039024,1.0,1.0,0.9966666666666667,0.9966549295774648,0.9899107004708119,0.9798793263525826,0.9350610409081171,0.9063645120461333,0.8691018436360051,0.772771882213176,0.650947525960165,0.48843878786581857,0.3103993027906071,0.1878131469979296,0.10656007974848555,0.057829154205965794,0.08486312399355878,0.0,0.0,0.596487474917552,0.5639305937313316,0.5655570453454314,0.5670402028980219,0.5684048262198911,0.5721637708096016,0.5754297783139654,0.5916887732939397,0.6003939391970984,0.6103087402340286,0.6309882304545841,0.6526740812305677,0.6806818647611028,0.7172333277189112,0.7607153520175711,0.8007555904518862,0.8367887617887617,0.8630952380952381,1.0,1.0,0.69251842718747,0.6500385579102794,0.6500151381380918,0.6490189027668498,0.6489954461991951,0.6472773882926881,0.6427436619690385,0.6308810695618773,0.6108258322342789,0.5767439795744833,0.4920608000450705,0.4026150085399773,0.28083623195875074,0.15409246518978686,0.08261626626373485,0.03701594152045149,0.01792357826950469,0.008929620552766174,0.0,0.0,0.3780331520519381,287.0,286.0,285.0,284.0,281.0,278.0,261.0,251.0,238.0,207.0,172.0,129.0,78.0,40.0,18.0,9.0,3.0,0.0,0.0,163.52631578947367,35.0,36.0,37.0,38.0,41.0,44.0,61.0,71.0,84.0,115.0,150.0,193.0,244.0,282.0,304.0,313.0,319.0,322.0,322.0,158.47368421052633,1.0,2.0,3.0,4.0,7.0,10.0,27.0,37.0,50.0,81.0,116.0,159.0,210.0,248.0,270.0,279.0,285.0,288.0,288.0,124.47368421052632,0.3385093167701863,0.6309882304545841,0.391304347826087,0.6428571428571429,0.71875,0.3333333333333333,0.6666666666666666,0.0,0.10128746491956184,0.6786885245901639,0.037396121883656507,0.38748307788391845,130.6145637040989,207,115,81,17,1,2,0,45.0,2166,0.42295081967213116,0.40062111801242234,0.4479166666666667,129,193,159,288,322,25,3
0782,0.4245716591209668,0.6588567627548524,0.2797319088858969,0.4245716591209668,0.4245716591209668,0.4232374196958344,0.4232374196958344,0.4232374196958344,0.4232374196958344,0.4232374196958344,0.40998356383090245,0.3985800201175184,0.3775646312172026,0.3509377174262778,0.3246517039123161,0.27668764034177457,0.2138179062933597,0.1501872326126344,0.07932084683843442,0.02374253711525214,0.010003872593965242,0.0059454442037645385,0.2940396596433952,0.5935114503816794,0.5935114503816794,0.5904761904761905,0.5904761904761905,0.5904761904761905,0.5904761904761905,0.5904761904761905,0.5578358208955224,0.526508226691042,0.47266313932980597,0.40336134453781514,0.3555194805194805,0.26515151515151514,0.19456366237482117,0.12382234185733512,0.06641123882503193,0.019536019536019536,0.009673518742442563,0.0048134777376654635,0.37575071786014774,0.3037196563146454,0.3037196563146454,0.30336517597149554,0.30336517597149554,0.30336517597149554,0.30336517597149554,0.30336517597149554,0.3013189836781183,0.3017351379964379,0.30159967825778095,0.3053274270827407,0.29646400444544674,0.28872567548464845,0.23497757234648156,0.1821658716956769,0.0947399394211398,0.02885480676500085,0.010345508138336361,0.007343610733561069,0.23567702150169148,0.9628482972136223,0.9628482972136223,0.9597523219814241,0.9597523219814241,0.9597523219814241,0.9597523219814241,0.9597523219814241,0.9256965944272446,0.891640866873065,0.8297213622291022,0.7430340557275542,0.6780185758513931,0.541795665634675,0.42105263157894735,0.2848297213622291,0.1609907120743034,0.04953560371517028,0.02476780185758514,0.01238390092879257,0.6467329313997068,0.607421875,0.607421875,0.60546875,0.60546875,0.60546875,0.60546875,0.60546875,0.583984375,0.5625,0.5234375,0.46875,0.427734375,0.341796875,0.265625,0.1796875,0.1015625,0.03125,0.015625,0.0078125,0.40799753289473684,0.30439164410075253,0.30439164410075253,0.3041374959523889,0.3041374959523889,0.3041374959523889,0.3041374959523889,0.3041374959523889,0.30313749188190475,0.30428667407022814,0.30567922330197406,0.3106340861889928,0.30639956945807667,0.3057078573901004,0.2690090963695966,0.22709734826252498,0.1321458050430013,0.0439922983731395,0.013899705780546901,0.009259259259259259,0.24530100964962087,0.9664571762642502,0.9664571762642502,0.9635630498533724,0.9635630498533724,0.9635630498533724,0.9635630498533724,0.9635630498533724,0.9327571281375631,0.9030417017396183,0.8559203388878542,0.797398252335446,0.7507278216853828,0.6586429066576125,0.5570469327065348,0.4333879610254291,0.2622403570013864,0.08716144285997227,0.05344498910675381,0.0559640522875817,0.6893928150645525,0.6588567627548524,0.6588567627548524,0.6605788813443841,0.6605788813443841,0.6605788813443841,0.6605788813443841,0.6605788813443841,0.6712836473387065,0.6811135548419619,0.6968582756574772,0.7168532867187521,0.730869977641278,0.7592910891656616,0.7832478060448438,0.8127968822595346,0.847429807707276,0.9115182441387544,0.9541583416583417,0.9916666666666667,0.7461945006353096,0.5407734774495352,0.5407734774495352,0.5395882059931871,0.5395882059931871,0.5395882059931871,0.5395882059931871,0.5395882059931871,0.5281381987956492,0.5186900616063583,0.5002436365331446,0.476307334050346,0.44833927118344524,0.395512729927908,0.314543995648492,0.22778554492501765,0.12350000125216867,0.037806616791097515,0.016007357548525912,0.009536380224384827,0.38820521649218653,311.0,311.0,310.0,310.0,310.0,310.0,310.0,299.0,288.0,268.0,240.0,219.0,175.0,136.0,92.0,52.0,16.0,8.0,4.0,208.89473684210526,12.0,12.0,13.0,13.0,13.0,13.0,13.0,24.0,35.0,55.0,83.0,104.0,148.0,187.0,231.0,271.0,307.0,315.0,319.0,114.10526315789474,201.0,201.0,202.0,202.0,202.0,202.0,202.0,213.0,224.0,244.0,272.0,293.0,337.0,376.0,420.0,460.0,496.0,504.0,508.0,303.10526315789474,0.006191950464396285,0.6968582756574772,0.07430340557275542,0.8297213622291022,0.5234375,0.6666666666666666,0.3333333333333333,0.0,-0.2453312140055608,0.6419161676646706,0.11487758945386065,0.07014729820178883,186.75801787620387,268,55,244,22,2,1,0,36.0,2124,0.29221556886227545,0.37770897832817335,0.23828125,122,201,390,512,323,29,3
0801,0.5713469683310749,0.5942815279130012,0.3395409493082523,0.5713469683310749,0.5713469683310749,0.5713469683310749,0.5713469683310749,0.5691358364915056,0.5691358364915056,0.5691358364915056,0.5663988721079197,0.5359405557485403,0.40547937182568156,0.2931475010425574,0.2067712063440119,0.09149211982829787,0.06705774621027857,0.03890057493236948,0.0038379304090507497,0.0038379304090507497,0.0,0.0,0.32661364166613555,0.7183098591549296,0.7183098591549296,0.7183098591549296,0.7183098591549296,0.7102803738317757,0.7102803738317757,0.7102803738317757,0.7023255813953488,0.6486486486486487,0.512396694214876,0.3707865168539326,0.24914675767918087,0.12269938650306748,0.07331378299120235,0.03977272727272727,0.0027397260273972603,0.0027397260273972603,0.0,0.0,0.40677105819625387,0.45445200850389866,0.45445200850389866,0.45445200850389866,0.45445200850389866,0.456039068954484,0.456039068954484,0.456039068954484,0.45677915033047406,0.4428164305814168,0.3208715490018398,0.2317653244153685,0.17160300286954352,0.06822208512400628,0.061335551697581064,0.03804754749887502,0.005376344086021506,0.005376344086021506,0.0,0.0,0.2625325563457997,0.7285714285714285,0.7285714285714285,0.7285714285714285,0.7285714285714285,0.7238095238095238,0.7238095238095238,0.7238095238095238,0.719047619047619,0.6857142857142857,0.5904761904761905,0.4714285714285714,0.3476190476190476,0.19047619047619047,0.11904761904761904,0.06666666666666667,0.004761904761904762,0.004761904761904762,0.0,0.0,0.4360902255639098,0.9807692307692307,0.9807692307692307,0.9807692307692307,0.9807692307692307,0.9743589743589743,0.9743589743589743,0.9743589743589743,0.967948717948718,0.9230769230769231,0.7948717948717948,0.6346153846153846,0.46794871794871795,0.2564102564102564,0.16025641025641027,0.08974358974358974,0.00641025641025641,0.00641025641025641,0.0,0.0,0.5870445344129555,0.4544544491117077,0.4544544491117077,0.4544544491117077,0.4544544491117077,0.45610294222990555,0.45610294222990555,0.45610294222990555,0.45700171436709325,0.45068505580255874,0.36226734299036145,0.28513700657789215,0.22770849673040133,0.0980310316668179,0.09420923691135105,0.06031342761222082,0.009345794392523364,0.009345794392523364,0.0,0.0,0.2757985012936995,0.9956427015250543,0.9956427015250543,0.9956427015250543,0.9956427015250543,0.9896331738437002,0.9896331738437002,0.9896331738437002,0.9833315626069815,0.9402447974139151,0.8088865751579225,0.6661803931857407,0.5061530029197232,0.3011182200152788,0.2149873949579832,0.11667917166866747,0.0125,0.0125,0.0,0.0,0.6060027076609226,0.5942815279130012,0.5942815279130012,0.5942815279130012,0.5942815279130012,0.59655854334347,0.59655854334347,0.59655854334347,0.5981791174593085,0.606439096552333,0.6266858645745974,0.6516263214827022,0.6789366961846106,0.7270259309771145,0.760026836280603,0.7861238058512843,0.8888888888888888,0.8888888888888888,1.0,1.0,0.7041906941485657,0.5754135461151748,0.5754135461151748,0.5754135461151748,0.5754135461151748,0.5745306095748803,0.5745306095748803,0.5745306095748803,0.5731020506643837,0.5510404271908603,0.4352780833981888,0.33054620826113945,0.24423855638715075,0.11399422301486642,0.08545087122182649,0.050363708824824126,0.005059806172657636,0.005059806172657636,0.0,0.0,0.33786209234178394,153.0,153.0,153.0,153.0,152.0,152.0,152.0,151.0,144.0,124.0,99.0,73.0,40.0,25.0,14.0,1.0,1.0,0.0,0.0,91.57894736842105,57.0,57.0,57.0,57.0,58.0,58.0,58.0,59.0,66.0,86.0,111.0,137.0,170.0,185.0,196.0,209.0,209.0,210.0,210.0,118.42105263157895,3.0,3.0,3.0,3.0,4.0,4.0,4.0,5.0,12.0,32.0,57.0,83.0,116.0,131.0,142.0,155.0,155.0,156.0,156.0,64.42105263157895,0.3904761904761905,0.6266858645745974,0.4380952380952381,0.5904761904761905,0.7948717948717948,0.0,1.0,0.0,0.1700430819392861,0.6775956284153005,0.015080113100848256,0.43333333333333335,77.70904720725008,124,86,32,10,0,2,0,26.0,2122,0.43169398907103823,0.3761904761904762,0.5064102564102564,79,131,77,156,210,11,2
0909,0.743212705064932,0.6048295929215114,0.4495170378585181,0.743212705064932,0.743212705064932,0.743212705064932,0.7409014751395799,0.7385771382742431,0.7273246298031125,0.7205903577105771,0.674229795435376,0.6390392087667753,0.6006314405814364,0.5514895356034076,0.4520184890024012,0.3013533131875043,0.16738331122711644,0.09397304382926712,0.03683859835705442,0.019520203616902303,0.010247818541796369,0.009641711101386152,0.4585999044933017,0.9620253164556962,0.9620253164556962,0.9620253164556962,0.9537815126050421,0.9456066945606695,0.9214876033057852,0.9057377049180327,0.8023255813953488,0.7032967032967034,0.603448275862069,0.48562300319488816,0.3798219584569733,0.24,0.13970588235294118,0.08391608391608392,0.035634743875278395,0.0175054704595186,0.008676789587852495,0.006493506493506494,0.5325861822972516,0.5741690114819046,0.5741690114819046,0.5741690114819046,0.5755353701129222,0.5768742885590599,0.5740729611776358,0.5732901046362517,0.5665852212542506,0.580652672516488,0.5978277540018865,0.6262897471477596,0.5379381308812866,0.3783909140378585,0.20054397428000562,0.10523528451790351,0.03808312285510346,0.021766815700639233,0.012103299705758722,0.014316239316239316,0.4053691018498296,0.9702127659574468,0.9702127659574468,0.9702127659574468,0.9659574468085106,0.9617021276595744,0.948936170212766,0.9404255319148936,0.8808510638297873,0.8170212765957446,0.7446808510638298,0.6468085106382979,0.5446808510638298,0.3829787234042553,0.2425531914893617,0.15319148936170213,0.06808510638297872,0.03404255319148936,0.01702127659574468,0.01276595744680851,0.5932810750279954,0.991304347826087,0.991304347826087,0.991304347826087,0.9869565217391304,0.9826086956521739,0.9695652173913043,0.9608695652173913,0.9,0.8347826086956521,0.7608695652173914,0.6608695652173913,0.5565217391304348,0.391304347826087,0.24782608695652175,0.1565217391304348,0.06956521739130435,0.034782608695652174,0.017391304347826087,0.013043478260869565,0.6061784897025172,0.5741702931782553,0.5741702931782553,0.5741702931782553,0.5755983561437983,0.5770009121902081,0.575848031017452,0.5760663467919896,0.5746586512171462,0.5909379579603439,0.6092089472051335,0.6435532309639506,0.6010457427896075,0.4959405218025907,0.3080364983649335,0.1744056447198828,0.0641776246093543,0.03638632872503841,0.017569124423963134,0.01984126984126984,0.42962031938428574,0.9978070175438597,0.9978070175438597,0.9978070175438597,0.9937925510612735,0.9898934030571199,0.9779995494239063,0.9698172570463592,0.9217626301150328,0.8730238237639553,0.8406040425739675,0.7986672434213985,0.7128479079856547,0.5672508339613603,0.3608344256543703,0.22032348742875058,0.09596461652382704,0.05753566608829767,0.040967804125698865,0.050960735171261484,0.6560877384228323,0.6048295929215114,0.6048295929215114,0.6048295929215114,0.6066680492779938,0.6082904742747991,0.612843602585564,0.6154195163808621,0.6311380650467859,0.6470124530013435,0.6645892538672225,0.686091603026782,0.7072958672643049,0.7415538614359721,0.7789926034411647,0.8131966752614307,0.8614614285350269,0.9080266955266956,0.9511363636363636,0.9681818181818181,0.716651953132035,0.7463686118513503,0.7463686118513503,0.7463686118513503,0.7456156360097805,0.7448363784747299,0.7380776362975697,0.7342592536659597,0.7064539580836404,0.6887710706455026,0.6672262589554631,0.6364664473329906,0.5412989921920278,0.3806779074309256,0.22055063136517164,0.12696909060358003,0.0509204622031828,0.027221278098178214,0.01435317428351354,0.01351889425616748,0.48822752133960173,228.0,228.0,228.0,227.0,226.0,223.0,221.0,207.0,192.0,175.0,152.0,128.0,90.0,57.0,36.0,16.0,8.0,4.0,3.0,139.42105263157896,7.0,7.0,7.0,8.0,9.0,12.0,14.0,28.0,43.0,60.0,83.0,107.0,145.0,178.0,199.0,219.0,227.0,231.0,232.0,95.57894736842105,2.0,2.0,2.0,3.0,4.0,7.0,9.0,23.0,38.0,55.0,78.0,102.0,140.0,173.0,194.0,214.0,222.0,226.0,227.0,90.57894736842105,0.4765957446808511,0.6645892538672225,0.5106382978723404,0.7446808510638298,0.7608695652173914,0.3333333333333333,0.6666666666666666,0.0,0.2268217847947401,0.7526881720430108,0.02981029810298103,0.5067953617574811,116.30311942676393,175,60,55,8,1,2,0,27.0,1845,0.5849462365591398,0.5787234042553191,0.591304347826087,136,99,94,230,235,13,3
0912,0.8487878718646915,0.6358617154580399,0.5397117122638617,0.8487878718646915,0.8487878718646915,0.846782228431133,0.846782228431133,0.8422132898801239,0.8388617911625781,0.8318948492770475,0.7950267700041751,0.7827156437704296,0.7462026463656621,0.655460246879852,0.5126053081739194,0.34442332402117554,0.17701576326250512,0.08672068807394041,0.043311712692864913,0.01886392336913319,0.010971305048663327,0.005451271170003719,0.530677828091775,0.9657320872274143,0.9657320872274143,0.9596273291925466,0.9596273291925466,0.9475308641975309,0.9355828220858896,0.9121212121212121,0.8558823529411764,0.8289855072463768,0.7576601671309192,0.6518324607329843,0.5095693779904307,0.336864406779661,0.16635859519408502,0.07863247863247863,0.039538714991762765,0.01610305958132045,0.006379585326953748,0.003179650238473768,0.5735231625279567,0.7460048816364324,0.7460048816364324,0.7472068797687643,0.7472068797687643,0.7486017104587209,0.7521398299122339,0.7587248614076907,0.7384981859378431,0.7390283348112605,0.7349183890076438,0.6591082235405715,0.5156593259279669,0.3521518561840475,0.1883556446653703,0.09564085821544212,0.0474447502095121,0.02209813626283247,0.018867924528301886,0.009345794392523364,0.49300038675117647,0.9717868338557993,0.9717868338557993,0.9686520376175548,0.9686520376175548,0.9623824451410659,0.9561128526645768,0.9435736677115988,0.9122257053291536,0.896551724137931,0.8526645768025078,0.780564263322884,0.6677115987460815,0.49843260188087773,0.28213166144200624,0.14420062695924765,0.07523510971786834,0.03134796238244514,0.012539184952978056,0.006269592476489028,0.6264642798218115,0.9935897435897436,0.9935897435897436,0.9903846153846154,0.9903846153846154,0.9839743589743589,0.9775641025641025,0.9647435897435898,0.9326923076923077,0.9166666666666666,0.8717948717948718,0.7980769230769231,0.6826923076923077,0.5096153846153846,0.28846153846153844,0.14743589743589744,0.07692307692307693,0.03205128205128205,0.01282051282051282,0.00641025641025641,0.6405195681511472,0.7460048816364324,0.7460048816364324,0.7472976655463712,0.7472976655463712,0.7491344807313413,0.7527483474772504,0.7597254315330646,0.7520691443021158,0.7556639926519118,0.7614805800601646,0.7208344687679777,0.6245257294821096,0.4879352570881115,0.3037090865049808,0.1704652714972335,0.08807188058255366,0.042274502679625764,0.03669724770642202,0.01834862385321101,0.5268573231201937,1.0,1.0,0.9969435454872347,0.9969435454872347,0.9907931324869437,0.9855415027546175,0.9798802880198229,0.9537423912363694,0.9449397023738569,0.9112466222197452,0.841302702150712,0.7277774915638934,0.5552720582308683,0.3392498600854841,0.18013804611792042,0.09800220781529194,0.04475877746905784,0.037383177570093455,0.018691588785046728,0.6632950863081155,0.6358617154580399,0.6358617154580399,0.637462638580596,0.637462638580596,0.6401581107219408,0.6426763165563072,0.6467662792418332,0.656103587385866,0.6602556567639163,0.6695890464013243,0.6826181489655975,0.7009444239440507,0.7266573287075324,0.7662595067333007,0.8125524554050518,0.8483710238995514,0.8958524503719012,0.9324841824841825,0.9580419580419581,0.7255778517737678,0.8514444914182245,0.8514444914182245,0.8507546453648483,0.8507546453648483,0.848788044536472,0.8480156592776077,0.8461163042173512,0.820778306579462,0.8139884076335607,0.791605253360274,0.7172700502307349,0.5867808048357491,0.4189558042741447,0.23052351500751736,0.11743709685438952,0.05974538465479572,0.026319793773687115,0.015381430211108738,0.007654692822718481,0.5554609906229326,310.0,310.0,309.0,309.0,307.0,305.0,301.0,291.0,286.0,272.0,249.0,213.0,159.0,90.0,46.0,24.0,10.0,4.0,2.0,199.8421052631579,9.0,9.0,10.0,10.0,12.0,14.0,18.0,28.0,33.0,47.0,70.0,106.0,160.0,229.0,273.0,295.0,309.0,315.0,317.0,119.15789473684211,2.0,2.0,3.0,3.0,5.0,7.0,11.0,21.0,26.0,40.0,63.0,99.0,153.0,222.0,266.0,288.0,302.0,308.0,310.0,112.15789473684211,0.7084639498432602,0.6695890464013243,0.7272727272727273,0.8526645768025078,0.8717948717948718,0.6666666666666666,0.3333333333333333,0.0,0.42673423392213233,0.8621236133122029,0.01863932898415657,0.7248333816602394,182.1282206211602,272,47,40,6,2,1,0,19.0,2146,0.7448494453248812,0.7366771159874608,0.7532051282051282,235,84,77,312,319,15,3
0922,0.4338678391579786,0.6297906827781318,0.273245922658776,0.4338678391579786,0.4338678391579786,0.4338678391579786,0.4338678391579786,0.43003938411245063,0.4222187768532509,0.4154928161606573,0.4027547866457006,0.3822377321125205,0.3552224425908425,0.30882133071660633,0.24005450136014286,0.1785787174277693,0.12151485811885916,0.08065714775882403,0.044872897900568136,0.026226310511672013,0.01829063555034736,0.0074782692226252135,0.2721016822986711,0.6643356643356644,0.6643356643356644,0.6643356643356644,0.6643356643356644,0.6527777777777778,0.6413793103448275,0.6301369863013698,0.6026936026936027,0.5555555555555556,0.5063291139240507,0.4251497005988024,0.29347826086956524,0.21119592875318066,0.1360381861575179,0.0867579908675799,0.048458149779735685,0.023655913978494623,0.017094017094017096,0.006342494714587738,0.3944413498291222,0.2833526964773973,0.2833526964773973,0.2833526964773973,0.2833526964773973,0.28330295267920724,0.2779458156073228,0.2739630969678545,0.2691440848899948,0.2629902309309413,0.24921139284740365,0.2243224308314241,0.19635581679039069,0.15099892553050362,0.10854202897522583,0.07498531742762848,0.04155290648007475,0.029076000347309693,0.019571019906884392,0.008817431165916014,0.18969422301514058,0.9090909090909091,0.9090909090909091,0.9090909090909091,0.9090909090909091,0.8995215311004785,0.8899521531100478,0.8803827751196173,0.8564593301435407,0.8133971291866029,0.7655502392344498,0.6794258373205742,0.5167464114832536,0.39712918660287083,0.2727272727272727,0.18181818181818182,0.10526315789473684,0.05263157894736842,0.03827751196172249,0.014354066985645933,0.5789473684210527,0.7116104868913857,0.7116104868913857,0.7116104868913857,0.7116104868913857,0.704119850187266,0.6966292134831461,0.6891385767790262,0.6704119850187266,0.6367041198501873,0.599250936329588,0.5318352059925093,0.4044943820224719,0.31086142322097376,0.21348314606741572,0.14232209737827714,0.08239700374531835,0.04119850187265917,0.0299625468164794,0.011235955056179775,0.4531835205992509,0.2833526964773973,0.2833526964773973,0.2833526964773973,0.2833526964773973,0.2836252575169133,0.2797592110782901,0.27708514602613793,0.2738708522630385,0.2702127254783053,0.26188573883161514,0.24285283156387283,0.22171555525608486,0.17987730180881195,0.13597466478000136,0.0973939548689796,0.049563555506551255,0.033895657606997816,0.022564180311299774,0.010140826089886125,0.19862253920507236,1.0,1.0,1.0,1.0,0.9948936170212765,0.9846050049465609,0.9766051872253918,0.9505552073807084,0.9145917066401494,0.8729633797574975,0.7839527875236243,0.6301254887692797,0.5160562919244706,0.4124466635302549,0.30845453995608796,0.2464635275597842,0.17755739210284663,0.13553030303030303,0.07141414141414142,0.6829586967780198,0.6297906827781318,0.6297906827781318,0.6297906827781318,0.6297906827781318,0.6343122655229853,0.6380286288491412,0.6412719524546443,0.6488080847115375,0.6604604584992808,0.6723601598527942,0.6916322013545504,0.7276058194794344,0.7580106581101164,0.7953801087526923,0.8309134191249663,0.8741599316347192,0.9253867582639962,0.9440420227920229,0.9722222222222223,0.7333556538282964,0.5075365606870086,0.5075365606870086,0.5075365606870086,0.5075365606870086,0.504813931819722,0.4973514622956941,0.491113420289982,0.4801155721875528,0.4625099986414882,0.43678809669481644,0.3903978168451085,0.318537538918567,0.24487972654721005,0.17205339734715486,0.11676341069766091,0.06613614863142049,0.03911925111442117,0.027370238372891022,0.011250155447676295,0.33101823203154734,190.0,190.0,190.0,190.0,188.0,186.0,184.0,179.0,170.0,160.0,142.0,108.0,83.0,57.0,38.0,22.0,11.0,8.0,3.0,121.0,19.0,19.0,19.0,19.0,21.0,23.0,25.0,30.0,39.0,49.0,67.0,101.0,126.0,152.0,171.0,187.0,198.0,201.0,206.0,88.0,77.0,77.0,77.0,77.0,79.0,81.0,83.0,88.0,97.0,107.0,125.0,159.0,184.0,210.0,229.0,245.0,256.0,259.0,264.0,146.0,0.19138755980861244,0.6723601598527942,0.2535885167464115,0.7655502392344498,0.599250936329588,0.3333333333333333,0.6666666666666666,0.0,-0.05943719819881788,0.6722689075630253,0.0487693710118505,0.24825864424733574,107.57762557644706,160,49,107,13,1,2,0,22.0,2194,0.29411764705882354,0.3349282296650718,0.26217228464419473,70,139,197,267,209,20,3
0927,0.6775722284986774,0.6894469492032768,0.46715010580327865,0.6775722284986774,0.6775722284986774,0.6775722284986774,0.6743186078461145,0.6743186078461145,0.67241623487582,0.67241623487582,0.6589858169209816,0.6435862512689345,0.6092327954598706,0.5430542936056427,0.4800131088039427,0.4103966117703773,0.2949039326349994,0.1790142187281893,0.08700411165527888,0.034608576052144444,0.01673683095299693,0.00946326306609672,0.45753611483470297,0.9522058823529411,0.9522058823529411,0.9522058823529411,0.9379562043795621,0.9379562043795621,0.9309090909090909,0.9309090909090909,0.9032258064516129,0.8631578947368421,0.8122866894197952,0.7352941176470589,0.6288343558282209,0.5085227272727273,0.3477157360406091,0.20681818181818182,0.09710743801652892,0.037109375,0.015296367112810707,0.005681818181818182,0.6187051971138071,0.48214796121422626,0.48214796121422626,0.48214796121422626,0.48478338622249434,0.48478338622249434,0.48570112521194464,0.48570112521194464,0.48079041121405053,0.4798696337576587,0.45693793078028416,0.4010748334927921,0.36641220774293654,0.3312052144766326,0.25011329793090353,0.15494812992329848,0.07795196330517723,0.03227630582183251,0.018312943739078692,0.015761389223034453,0.33963511410101244,0.9628252788104089,0.9628252788104089,0.9628252788104089,0.9553903345724907,0.9553903345724907,0.9516728624535316,0.9516728624535316,0.9368029739776952,0.9144981412639405,0.8847583643122676,0.8364312267657993,0.7620817843866171,0.6654275092936803,0.5092936802973977,0.3382899628252788,0.17472118959107807,0.07063197026022305,0.02973977695167286,0.011152416356877323,0.6756016435139894,0.9885496183206107,0.9885496183206107,0.9885496183206107,0.9809160305343512,0.9809160305343512,0.9770992366412213,0.9770992366412213,0.9618320610687023,0.9389312977099237,0.9083969465648855,0.8587786259541985,0.7824427480916031,0.683206106870229,0.5229007633587787,0.3473282442748092,0.17938931297709923,0.07251908396946564,0.030534351145038167,0.011450381679389313,0.6936520691040577,0.48214796121422626,0.48214796121422626,0.48214796121422626,0.48484355710780863,0.48484355710780863,0.48580160485692764,0.48580160485692764,0.4838326520367182,0.48565117516134987,0.47166315823518157,0.43031005503495456,0.4029106670584779,0.3716441651148355,0.28988960709016115,0.18823471541845033,0.09742889999715174,0.04208985063059255,0.02351070950468541,0.020080321285140562,0.35236737811262375,1.0,1.0,1.0,0.9964082609997007,0.9964082609997007,0.9933894230769231,0.9933894230769231,0.9819216367383661,0.9692593350167162,0.9439473728394558,0.8956817110764479,0.8426846495395919,0.7766014131667237,0.6486323430235958,0.4859086564200642,0.28841471450895323,0.1299724621066201,0.07842197503041423,0.06882591093117409,0.7415719762395458,0.6894469492032768,0.6894469492032768,0.6894469492032768,0.693436530797966,0.693436530797966,0.6951198766213955,0.6951198766213955,0.7002778815356003,0.7068117469874732,0.7146083978798023,0.7253796059531944,0.7403696439796461,0.757675460977402,0.7824008775480299,0.8124975850470963,0.8536066443203799,0.8979824579869952,0.9383680555555555,0.9753086419753085,0.7605652980102651,0.6813400363870874,0.6813400363870874,0.6813400363870874,0.6805566556564515,0.6805566556564515,0.6798739442921404,0.6798739442921404,0.6711228554335499,0.6624499136692424,0.6358298956713159,0.5791990288348771,0.5284279223297884,0.46946039336057394,0.35690492010414954,0.22894845950911988,0.11670415485166169,0.04774661320887104,0.023337156256252267,0.01325811355276758,0.4788563545179271,259.0,259.0,259.0,257.0,257.0,256.0,256.0,252.0,246.0,238.0,225.0,205.0,179.0,137.0,91.0,47.0,19.0,8.0,3.0,181.73684210526315,10.0,10.0,10.0,12.0,12.0,13.0,13.0,17.0,23.0,31.0,44.0,64.0,90.0,132.0,178.0,222.0,250.0,261.0,266.0,87.26315789473684,3.0,3.0,3.0,5.0,5.0,6.0,6.0,10.0,16.0,24.0,37.0,57.0,83.0,125.0,171.0,215.0,243.0,254.0,259.0,80.26315789473684,0.7620817843866171,0.7146083978798023,0.7955390334572491,0.8847583643122676,0.9083969465648855,1.0,0.0,0.0,0.5095791773062935,0.896421845574388,0.0125,0.7919916635336828,170.07679869539297,238,31,24,9,3,0,0,18.0,1920,0.5725047080979284,0.5650557620817844,0.5801526717557252,152,117,110,262,269,17,3
0928,0.5271686459501592,0.6871006383316199,0.3622179131407702,0.5271686459501592,0.5256072688243064,0.5256072688243064,0.5256072688243064,0.5256072688243064,0.5245074230635721,0.5235000624798082,0.520389005664038,0.49954499230753496,0.45669849662866435,0.4252922667136972,0.37357528077436475,0.27973293592504606,0.2283352988431919,0.1578181525071926,0.08935164663593634,0.0467393414797882,0.026268469402359537,0.012253168193929935,0.3575581190456058,0.8996282527881041,0.8925925925925926,0.8925925925925926,0.8925925925925926,0.8925925925925926,0.8856088560885609,0.8786764705882353,0.8717948717948718,0.8185053380782918,0.7322033898305085,0.6699346405228758,0.5723076923076923,0.40771349862258954,0.3069053708439898,0.2023529411764706,0.11328976034858387,0.049281314168377825,0.017928286852589643,0.005905511811023622,0.5790740297996386,0.30891290976205227,0.3095062667263719,0.3095062667263719,0.3095062667263719,0.3095062667263719,0.3106428249417576,0.3118921748671579,0.310628940336007,0.3048791348452582,0.2848573493645844,0.2699868034668352,0.24385220097760635,0.19192525071062344,0.16987975334036343,0.12308478995154637,0.07047165367803719,0.04432848593485789,0.03848847859342611,0.025423728813559324,0.22354102876258738,0.9063670411985019,0.9026217228464419,0.9026217228464419,0.9026217228464419,0.9026217228464419,0.898876404494382,0.8951310861423221,0.8913857677902621,0.8614232209737828,0.8089887640449438,0.7677902621722846,0.6966292134831461,0.5543071161048689,0.449438202247191,0.32209737827715357,0.1947565543071161,0.0898876404494382,0.033707865168539325,0.011235955056179775,0.6311847033313621,0.9918032786885246,0.9877049180327869,0.9877049180327869,0.9877049180327869,0.9877049180327869,0.9836065573770492,0.9795081967213115,0.9754098360655737,0.9426229508196722,0.8852459016393442,0.8401639344262295,0.7622950819672131,0.6065573770491803,0.4918032786885246,0.3524590163934426,0.21311475409836064,0.09836065573770492,0.036885245901639344,0.012295081967213115,0.690681622088007,0.3098616681017936,0.31048145167416413,0.31048145167416413,0.31048145167416413,0.31048145167416413,0.3116208034018189,0.31287300057499656,0.31190795775602864,0.3082167810465548,0.2936250765075099,0.2822873865494745,0.26131547555234313,0.21905358179641254,0.1999645485242669,0.1538250211214879,0.09210743631033486,0.05797874719719206,0.053497942386831275,0.037037037037037035,0.23405780371372314,0.9932162534435262,0.9896314957518277,0.9896314957518277,0.9896314957518277,0.9896314957518277,0.9895882936507937,0.9923341303048416,0.988261843198818,0.9642810188312437,0.9148220624274265,0.8737223649166459,0.8035769749757513,0.6571892737841014,0.5724028446011205,0.44290772657352445,0.30811175267408686,0.26004958084699464,0.13523328523328523,0.075,0.7331170204457615,0.6871006383316199,0.6896868244357592,0.6896868244357592,0.6896868244357592,0.6896868244357592,0.6914999134769688,0.6931379884287553,0.6944106526556029,0.7038376020257138,0.7188745548697774,0.7291134541327003,0.7443223321264153,0.7740944052439125,0.7967587097323978,0.8249090627251717,0.857360585398443,0.8990879347149727,0.9491236321047223,0.9789819376026273,0.7632295105954126,0.529139376732682,0.5285518704009363,0.5285518704009363,0.5285518704009363,0.5285518704009363,0.5284217118605412,0.5283790128762971,0.5262035884325449,0.512474356769295,0.48004832568354394,0.4552946722913178,0.41215842460535,0.3261679509533541,0.27631585357971983,0.19911124566228602,0.11715296174941088,0.06312355349139087,0.03601894566709886,0.01690147550687973,0.3747957335508135,242.0,241.0,241.0,241.0,241.0,240.0,239.0,238.0,230.0,216.0,205.0,186.0,148.0,120.0,86.0,52.0,24.0,9.0,3.0,168.52631578947367,25.0,26.0,26.0,26.0,26.0,27.0,28.0,29.0,37.0,51.0,62.0,81.0,119.0,147.0,181.0,215.0,243.0,258.0,264.0,98.47368421052632,2.0,3.0,3.0,3.0,3.0,4.0,5.0,6.0,14.0,28.0,39.0,58.0,96.0,124.0,158.0,192.0,220.0,235.0,241.0,75.47368421052632,0.6441947565543071,0.7188745548697774,0.704119850187266,0.8089887640449438,0.8852459016393442,0.6666666666666666,0.3333333333333333,0.0,0.4167674301568236,0.8454011741682974,0.015102481121898598,0.6996100375181427,155.2769038518719,216,51,28,16,2,1,0,23.0,1854,0.42661448140900193,0.40823970037453183,0.44672131147540983,109,158,135,244,267,22,3
0930,0.587104580225133,0.6751070160112166,0.39635842124230747,0.587104580225133,0.587104580225133,0.587104580225133,0.5861310499563239,0.5816197491030343,0.5806609427844402,0.5686015338885485,0.5569428055323501,0.548796900893552,0.5302651642828496,0.4919034883637693,0.40300416070188855,0.3004841154515577,0.1886719352508933,0.10832067314932212,0.05529238786569824,0.03290813641863327,0.010046667377587441,0.00503589808533399,0.3847368078832201,0.9354838709677419,0.9354838709677419,0.9354838709677419,0.9292604501607717,0.9230769230769231,0.9169329073482428,0.8927444794952681,0.8691588785046729,0.8461538461538461,0.8126888217522659,0.7391304347826086,0.5957446808510638,0.431980906921241,0.26582278481012656,0.15384615384615385,0.07334525939177101,0.03986135181975736,0.010101010101010102,0.0033444816053511705,0.5952444728170685,0.3684636355779731,0.3684636355779731,0.3684636355779731,0.3697021730166877,0.36647166025889955,0.3677118879399777,0.3621503260632863,0.35687984821359386,0.355937681781343,0.34598869447429254,0.3273698801695431,0.27262073630437783,0.20901549626860447,0.13391289680733642,0.07626689350489478,0.04168296875958452,0.0271678052326016,0.009992617014192092,0.007582720588235294,0.249255010164809,0.9354838709677419,0.9354838709677419,0.9354838709677419,0.932258064516129,0.9290322580645162,0.9258064516129032,0.9129032258064517,0.9,0.8870967741935484,0.867741935483871,0.8225806451612904,0.7225806451612903,0.5838709677419355,0.4064516129032258,0.25806451612903225,0.13225806451612904,0.07419354838709677,0.01935483870967742,0.0064516129032258064,0.6414261460101868,1.0,1.0,1.0,0.996551724137931,0.993103448275862,0.9896551724137931,0.9758620689655172,0.9620689655172414,0.9482758620689655,0.9275862068965517,0.8793103448275862,0.7724137931034483,0.6241379310344828,0.43448275862068964,0.27586206896551724,0.1413793103448276,0.07931034482758621,0.020689655172413793,0.006896551724137931,0.6856624319419238,0.3684636355779731,0.3684636355779731,0.3684636355779731,0.3697021730166877,0.36738136376294267,0.3686247611426412,0.36455385170281945,0.3612900775888891,0.3610831210257047,0.3541858193981066,0.34001894218612483,0.2976630903557595,0.24189957565938955,0.16514301627083583,0.0983495670995671,0.05495334789301413,0.035598878619473584,0.01338953444216602,0.009307359307359308,0.2583439676950211,1.0,1.0,1.0,1.0,0.9965909090909091,0.9965790307253721,0.983045625360113,0.9703119387389245,0.9569611794743758,0.9388643852938133,0.8958536311066354,0.7937287490894923,0.646411536640551,0.465840559612961,0.318407711986341,0.1899832312106112,0.11903173186483143,0.039482704670876716,0.039351851851851846,0.7026549882482979,0.6751070160112166,0.6751070160112166,0.6751070160112166,0.6769115045405663,0.6785532749290646,0.6800086188653421,0.6851683910968331,0.6895407023555555,0.6933877094401835,0.6982975802986631,0.7079674177645844,0.7264118073448869,0.7495287586508949,0.7808306596564426,0.8153211460490517,0.8592062386335952,0.8896804689485395,0.9447191697191698,1.0,0.7526765524382643,0.587104580225133,0.587104580225133,0.587104580225133,0.5870756614474358,0.5834929254472394,0.5834638276616574,0.5749853918927266,0.5667379142004129,0.5619174043595367,0.5479314732689301,0.5189297902763312,0.44383608181755946,0.34933949115353535,0.23330047770179366,0.14029176372476435,0.07424896478355049,0.04489627904510849,0.01390703025801218,0.0069943389958319006,0.3996138187742013,290.0,290.0,290.0,289.0,288.0,287.0,283.0,279.0,275.0,269.0,255.0,224.0,181.0,126.0,80.0,41.0,23.0,6.0,2.0,198.8421052631579,20.0,20.0,20.0,21.0,22.0,23.0,27.0,31.0,35.0,41.0,55.0,86.0,129.0,184.0,230.0,269.0,287.0,304.0,308.0,111.15789473684211,0.0,0.0,0.0,1.0,2.0,3.0,7.0,11.0,15.0,21.0,35.0,66.0,109.0,164.0,210.0,249.0,267.0,284.0,288.0,91.15789473684211,0.7612903225806451,0.6982975802986631,0.8,0.867741935483871,0.9275862068965517,1.0,0.0,0.0,0.4994904809688399,0.8966666666666666,0.009668508287292817,0.7965187701740399,187.84204910034038,269,41,21,12,3,0,0,21.0,2172,0.48333333333333334,0.46774193548387094,0.5,145,165,145,290,310,15,3
0995,0.5660640900769904,0.5336248806749235,0.3020658825216932,0.5660640900769904,0.5660640900769904,0.5573607367758867,0.5526162707584029,0.5526162707584029,0.5398089242260782,0.5115036238333502,0.44525059263367417,0.37719564421564544,0.29977827071126334,0.23652616378093025,0.14005293992205956,0.0722273234717976,0.04323314328587236,0.006421068523561582,0.006421068523561582,0.0,0.0,0.0,0.2880600116618141,0.7755102040816326,0.7755102040816326,0.766497461928934,0.7575757575757576,0.7575757575757576,0.7227722772277227,0.6730769230769231,0.589041095890411,0.5,0.38095238095238093,0.2936802973977695,0.16,0.07076923076923076,0.04504504504504504,0.005780346820809248,0.005780346820809248,0.0,0.0,0.0,0.38313512259183247,0.41318418814894387,0.41318418814894387,0.40528639210048867,0.4031078603731403,0.4031078603731403,0.40316111153542056,0.388716279260622,0.3365607113387576,0.2845531080305116,0.23590090542541817,0.19049499284982793,0.12259266238007516,0.0737154579637999,0.0414941238599643,0.007132810930279284,0.007132810930279284,0.0,0.0,0.0,0.2173329191394533,0.7835051546391752,0.7835051546391752,0.7783505154639175,0.7731958762886598,0.7731958762886598,0.7525773195876289,0.7216494845360825,0.6649484536082474,0.5979381443298969,0.4948453608247423,0.4072164948453608,0.24742268041237114,0.11855670103092783,0.07731958762886598,0.010309278350515464,0.010309278350515464,0.0,0.0,0.0,0.4207813347802496,0.987012987012987,0.987012987012987,0.9805194805194806,0.974025974025974,0.974025974025974,0.948051948051948,0.9090909090909091,0.8376623376623377,0.7532467532467533,0.6233766233766234,0.512987012987013,0.3116883116883117,0.14935064935064934,0.09740259740259741,0.012987012987012988,0.012987012987012988,0.0,0.0,0.0,0.5300751879699247,0.41318418814894387,0.41318418814894387,0.4077437266297248,0.40622590702947853,0.40622590702947853,0.4086889036436493,0.3997889334305151,0.36012563940304804,0.3142190065681445,0.2691370819160998,0.22668830190303968,0.149859162414966,0.09185522034900917,0.053415532879818595,0.010310374149659863,0.010310374149659863,0.0,0.0,0.0,0.22847170777864104,1.0,1.0,0.9934860492888937,0.9869910100475939,0.9869910100475939,0.9801221358562187,0.947994888066279,0.885119302969426,0.8071547496074963,0.7010767809679838,0.5864097403817038,0.40474314174815,0.26218030127002634,0.1568236192767253,0.024325753569539928,0.024325753569539928,0.0,0.0,0.0,0.5656707492982721,0.5336248806749235,0.5336248806749235,0.5363367147785026,0.5388011817659148,0.5388011817659148,0.5463001853208412,0.5556823340164698,0.5708485743794867,0.5867151813922081,0.609380777261504,0.62690327710385,0.661811812509428,0.7127070994733715,0.7313012536294395,0.8333333333333334,0.8333333333333334,1.0,1.0,1.0,0.6815529474428129,0.5689744644798221,0.5689744644798221,0.561653694194142,0.5582842782490448,0.5582842782490448,0.5508265686051245,0.5296384640103207,0.47307031670777927,0.4124865541797318,0.3416642630772561,0.27851876646628143,0.17416143409195692,0.0934850871057633,0.056641932751924425,0.008575204563265432,0.008575204563265432,0.0,0.0,0.0,0.30230605135655503,152.0,152.0,151.0,150.0,150.0,146.0,140.0,129.0,116.0,96.0,79.0,48.0,23.0,15.0,2.0,2.0,0.0,0.0,0.0,81.63157894736842,42.0,42.0,43.0,44.0,44.0,48.0,54.0,65.0,78.0,98.0,115.0,146.0,171.0,179.0,192.0,192.0,194.0,194.0,194.0,112.36842105263158,2.0,2.0,3.0,4.0,4.0,8.0,14.0,25.0,38.0,58.0,75.0,106.0,131.0,139.0,152.0,152.0,154.0,154.0,154.0,72.36842105263158,0.18041237113402062,0.609380777261504,0.1958762886597938,0.4948453608247423,0.6233766233766234,0.0,1.0,0.0,-0.012883739087090838,0.5517241379310345,0.027294117647058823,0.19341690074886772,58.50055461710438,96,98,58,3,0,2,0,25.0,2125,0.3448275862068966,0.30927835051546393,0.38961038961038963,60,134,94,154,194,11,2
0996,0.6878498600522397,0.6039959066302097,0.4154584998477154,0.6878498600522397,0.6878498600522397,0.6878498600522397,0.6878498600522397,0.6858163942392894,0.6858163942392894,0.6684232848560635,0.6592344333254395,0.6237595594513482,0.5227621077227576,0.40340630785104004,0.26306525390449503,0.15741859412270826,0.09922237632411997,0.04892575870232893,0.014811213419256591,0.007945996309717108,0.007945996309717108,0.0,0.3999975321571857,0.9519650655021834,0.9519650655021834,0.9519650655021834,0.9519650655021834,0.9434782608695652,0.9434782608695652,0.9184549356223176,0.902127659574468,0.8395061728395061,0.6931818181818182,0.5152542372881356,0.3264094955489614,0.19518716577540107,0.12030075187969924,0.054245283018867926,0.015909090909090907,0.006756756756756757,0.006756756756756757,0.0,0.5415214162052443,0.49701133699091676,0.49701133699091676,0.49701133699091676,0.49701133699091676,0.498521424514735,0.498521424514735,0.48645793104159096,0.48173895730778143,0.46345816218473734,0.3942403192102478,0.31583757577718674,0.21201383156898979,0.12695821304196117,0.08183722719580643,0.04412788967781611,0.01378909984261961,0.009344550888397609,0.009344550888397609,0.0,0.29601244766414053,0.956140350877193,0.956140350877193,0.956140350877193,0.956140350877193,0.9517543859649122,0.9517543859649122,0.9385964912280702,0.9298245614035088,0.8947368421052632,0.8026315789473685,0.6666666666666666,0.4824561403508772,0.3201754385964912,0.21052631578947367,0.10087719298245613,0.03070175438596491,0.013157894736842105,0.013157894736842105,0.0,0.5858725761772853,0.9954337899543378,0.9954337899543378,0.9954337899543378,0.9954337899543378,0.9908675799086758,0.9908675799086758,0.9771689497716894,0.9680365296803652,0.9315068493150684,0.8356164383561644,0.6940639269406392,0.502283105022831,0.3333333333333333,0.2191780821917808,0.1050228310502283,0.0319634703196347,0.0136986301369863,0.0136986301369863,0.0,0.6099495313626532,0.4978743142031097,0.4978743142031097,0.4978743142031097,0.4978743142031097,0.4994153869023796,0.4994153869023796,0.49157023260128474,0.48829533217847276,0.47634925558312646,0.42902446134862837,0.3698107124200078,0.27370290999323255,0.17614466841157078,0.11793708643507032,0.0681707843348797,0.020471464019851116,0.013957816377171216,0.013957816377171216,0.0,0.3120905563525087,0.9954962468723936,0.9954962468723936,0.9954962468723936,0.9954962468723936,0.9913792300889076,0.9913792300889076,0.97764961400086,0.9690339585583295,0.9336086510923113,0.8388821316644631,0.7028902749297486,0.5214468458029063,0.3444866967127241,0.2298669148495537,0.11988788854730884,0.04233605900272567,0.0283576505798728,0.0283576505798728,0.0,0.6158709359993718,0.6039959066302097,0.6039959066302097,0.6039959066302097,0.6039959066302097,0.6058258575744774,0.6058258575744774,0.609724451959266,0.6117636932724891,0.6189872891977872,0.6349680354391702,0.656452469117347,0.6892619214627281,0.724059219622598,0.7520816617950947,0.799104796248838,0.8631680819180819,0.9090909090909091,0.9090909090909091,1.0,0.7055467778886848,0.6893566523508988,0.6893566523508988,0.6893566523508988,0.6893566523508988,0.6888177932366258,0.6888177932366258,0.6757127401534647,0.6692777560099331,0.643951156906392,0.5625208706283135,0.45886641177085274,0.3198239748358084,0.20161572742258152,0.1312588661232423,0.0667195446847293,0.0205754600573512,0.011088490291856693,0.011088490291856693,0.0,0.4161874571080647,218.0,218.0,218.0,218.0,217.0,217.0,214.0,212.0,204.0,183.0,152.0,110.0,73.0,48.0,23.0,7.0,3.0,3.0,0.0,133.57894736842104,10.0,10.0,10.0,10.0,11.0,11.0,14.0,16.0,24.0,45.0,76.0,118.0,155.0,180.0,205.0,221.0,225.0,225.0,228.0,94.42105263157895,1.0,1.0,1.0,1.0,2.0,2.0,5.0,7.0,15.0,36.0,67.0,109.0,146.0,171.0,196.0,212.0,216.0,216.0,219.0,85.42105263157895,0.618421052631579,0.6349680354391702,0.6447368421052632,0.8026315789473685,0.8356164383561644,0.5,0.5,0.0,0.3254348705498603,0.8187919463087249,0.013172338090010977,0.6413238980246332,116.19915048536815,183,45,36,6,1,1,0,35.0,2733,0.5055928411633109,0.4956140350877193,0.5159817351598174,113,115,106,219,228,7,2
0997,0.8410118042121097,0.5813639407435762,0.4889339367086171,0.8410118042121097,0.8410118042121097,0.8410118042121097,0.8410118042121097,0.8410118042121097,0.836190674847899,0.8273818731562003,0.799905732643576,0.737356918474601,0.5739620132680976,0.417947658568959,0.2528253073408149,0.10172799130482257,0.052453187049136894,0.02502040806892031,0.010883681433580705,0.0034607255936536375,0.0,0.0,0.4654829048847795,0.9552238805970149,0.9552238805970149,0.9552238805970149,0.9552238805970149,0.9552238805970149,0.9359605911330049,0.9170731707317074,0.8714285714285714,0.8110599078341014,0.6375,0.4664179104477612,0.267741935483871,0.11016949152542373,0.056451612903225805,0.02610966057441253,0.010282776349614395,0.002551020408163265,0.0,0.0,0.5204666343055226,0.7404555823939881,0.7404555823939881,0.7404555823939881,0.7404555823939881,0.7404555823939881,0.7470558603927615,0.7464625352427119,0.7342531586577692,0.6703514992798408,0.5167566943917927,0.3745144459302219,0.23873972493871118,0.09393330287383528,0.048737966731408004,0.02397659740352171,0.011519702220510845,0.004694835680751174,0.0,0.0,0.4164881176691462,0.96,0.96,0.96,0.96,0.96,0.95,0.94,0.915,0.88,0.765,0.625,0.415,0.195,0.105,0.05,0.02,0.005,0.0,0.0,0.5613157894736842,0.9948186528497409,0.9948186528497409,0.9948186528497409,0.9948186528497409,0.9948186528497409,0.9844559585492227,0.9740932642487047,0.9481865284974094,0.9119170984455959,0.7927461139896373,0.6476683937823834,0.43005181347150256,0.20207253886010362,0.10880829015544041,0.05181347150259067,0.02072538860103627,0.0051813471502590676,0.0,0.0,0.5816743932369784,0.7404555823939881,0.7404555823939881,0.7404555823939881,0.7404555823939881,0.7404555823939881,0.7471056869226206,0.748462500428273,0.7425996321814806,0.7050852730200556,0.6035305695010157,0.4865281803542673,0.35288496983101486,0.15755192204467564,0.08022774327122154,0.04162640901771336,0.020128824476650563,0.009259259259259259,0.0,0.0,0.44196152011990475,1.0,1.0,1.0,1.0,1.0,0.9952631578947368,0.9899869354236656,0.9656025309174575,0.9281941184436218,0.8054261681401117,0.6603848454756102,0.4517579571694742,0.2115366482794487,0.12743393647067927,0.06074599018988295,0.026977821913273747,0.009433962264150943,0.0,0.0,0.5911970564516902,0.5813639407435762,0.5813639407435762,0.5813639407435762,0.5813639407435762,0.5813639407435762,0.5845527846186684,0.5871893750219171,0.5926355459545056,0.5991837169569769,0.6167996931045391,0.6363665732800448,0.6697319813778457,0.7197897944538298,0.7513033688364048,0.793986568986569,0.8392857142857143,0.8571428571428571,1.0,1.0,0.6923572461967239,0.8431117121106957,0.8431117121106957,0.8431117121106957,0.8431117121106957,0.8431117121106957,0.8424387617940685,0.8376603029439494,0.8196594659807565,0.768055544453824,0.6287438836360331,0.4838093929497325,0.3147649692223789,0.13534028986372787,0.07153660955621143,0.034624122662907805,0.015178736588076653,0.004845015831115092,0.0,0.0,0.48274819242296113,192.0,192.0,192.0,192.0,192.0,190.0,188.0,183.0,176.0,153.0,125.0,83.0,39.0,21.0,10.0,4.0,1.0,0.0,0.0,112.26315789473684,8.0,8.0,8.0,8.0,8.0,10.0,12.0,17.0,24.0,47.0,75.0,117.0,161.0,179.0,190.0,196.0,199.0,200.0,200.0,87.73684210526316,1.0,1.0,1.0,1.0,1.0,3.0,5.0,10.0,17.0,40.0,68.0,110.0,154.0,172.0,183.0,189.0,192.0,193.0,193.0,80.73684210526316,0.55,0.6167996931045391,0.565,0.765,0.7927461139896373,0.0,1.0,0.0,0.2568517652249724,0.7786259541984732,0.018770530267480056,0.5626143937264017,94.37035304499447,153,47,40,3,0,2,0,31.0,2131,0.6666666666666666,0.655,0.6787564766839378,131,69,62,193,200,8,2
0998,0.8043628484460864,0.5622029593856755,0.4522151738162814,0.8043628484460864,0.8043628484460864,0.8043628484460864,0.8023615195097541,0.7960176156492316,0.7960176156492316,0.7684927993718912,0.7303846695540117,0.601225195813905,0.4844037722246217,0.34484616959390246,0.21468830760989935,0.09071794995496844,0.05187225558613174,0.015955460625355914,0.009392777336037862,0.0,0.0,0.0,0.42734024493774747,0.7598039215686274,0.7598039215686274,0.7598039215686274,0.751219512195122,0.7427184466019418,0.7427184466019418,0.7177033492822966,0.677570093457944,0.5608695652173913,0.45934959349593496,0.3296296296296296,0.20875420875420875,0.08787878787878788,0.049707602339181284,0.014124293785310734,0.0056022408963585435,0.0,0.0,0.0,0.4014346070969438,0.8515349468380746,0.8515349468380746,0.8515349468380746,0.8569852054412359,0.8531416545837966,0.8531416545837966,0.8228764478764479,0.7873159849736407,0.6444844906878895,0.5108244741431772,0.36076514364683565,0.22079109062980035,0.09364883884588318,0.05413117456828222,0.018024032042723633,0.015748031496062992,0.0,0.0,0.0,0.4550780560017787,0.8115183246073299,0.8115183246073299,0.8115183246073299,0.806282722513089,0.8010471204188482,0.8010471204188482,0.7853403141361257,0.7591623036649214,0.675392670157068,0.5916230366492147,0.46596858638743455,0.32460732984293195,0.1518324607329843,0.08900523560209424,0.02617801047120419,0.010471204188481676,0.0,0.0,0.0,0.4590796362634335,0.9226190476190477,0.9226190476190477,0.9226190476190477,0.9166666666666666,0.9107142857142857,0.9107142857142857,0.8928571428571429,0.8630952380952381,0.7678571428571429,0.6726190476190477,0.5297619047619048,0.36904761904761907,0.17261904761904762,0.10119047619047619,0.02976190476190476,0.011904761904761904,0.0,0.0,0.0,0.5219298245614035,0.8515349468380746,0.8515349468380746,0.8515349468380746,0.8569852054412359,0.8551736947482805,0.8551736947482805,0.8389460729469679,0.8196032438021311,0.7313682023101435,0.6314552363677408,0.49613819043045604,0.33548495369534936,0.16060447064451663,0.08962394534900557,0.029290669053479525,0.024390243902439025,0.0,0.0,0.0,0.48836014020811847,1.0,1.0,1.0,1.0,0.9936031150048671,0.9936031150048671,0.9741499304036587,0.9426306731303269,0.8389958396339988,0.7338305087131803,0.5779311454239567,0.4047299854392908,0.18833524180443084,0.12463008667376275,0.04577450785444422,0.0425531914893617,0.0,0.0,0.0,0.571619333714534,0.5622029593856755,0.5622029593856755,0.5622029593856755,0.5646167695733995,0.566731445004785,0.566731445004785,0.5715136874648538,0.5775543117424801,0.5964055124351128,0.6126154926828002,0.6354838565666958,0.6640823029097631,0.7091366744692377,0.7357810010676675,0.786773643023643,0.8177083333333334,1.0,1.0,1.0,0.6890391238650306,0.8312858794678435,0.8312858794678435,0.8312858794678435,0.8312474749414873,0.8266841390239212,0.8266841390239212,0.803889325759777,0.7731109990582243,0.6597576077928254,0.5497413269778112,0.4100063706858416,0.2677132913817472,0.119243170231075,0.06941151162356321,0.02172172413846882,0.01284137272108851,0.0,0.0,0.0,0.456100531145436,155.0,155.0,155.0,154.0,153.0,153.0,150.0,145.0,129.0,113.0,89.0,62.0,29.0,17.0,5.0,2.0,0.0,0.0,0.0,87.6842105263158,36.0,36.0,36.0,37.0,38.0,38.0,41.0,46.0,62.0,78.0,102.0,129.0,162.0,174.0,186.0,189.0,191.0,191.0,191.0,103.3157894736842,13.0,13.0,13.0,14.0,15.0,15.0,18.0,23.0,39.0,55.0,79.0,106.0,139.0,151.0,163.0,166.0,168.0,168.0,168.0,80.3157894736842,0.3036649214659686,0.6126154926828002,0.3036649214659686,0.5916230366492147,0.6726190476190477,0.0,1.0,0.0,0.07447932289610698,0.6295264623955432,0.025486561631139944,0.3036649214659686,69.22555067315643,113,78,55,0,0,2,0,25.0,2158,0.6295264623955432,0.5916230366492147,0.6726190476190477,113,78,55,168,191,5,2
0999,0.569519967352514,0.5452562462498256,0.310534319562955,0.569519967352514,0.569519967352514,0.569519967352514,0.569519967352514,0.569519967352514,0.553845027995423,0.5370230487922483,0.49093671076535045,0.40450861759180873,0.31269565037693414,0.23101000267402524,0.147121138989168,0.07162440730411215,0.03561728442749132,0.01731579056269363,0.010016329767354826,0.0,0.0,0.0,0.29785862347416736,0.9405940594059405,0.9405940594059405,0.9405940594059405,0.9405940594059405,0.9405940594059405,0.9121951219512195,0.8666666666666667,0.7737556561085973,0.6198347107438017,0.47368421052631576,0.3333333333333333,0.20987654320987653,0.10422535211267606,0.0425531914893617,0.01818181818181818,0.007712082262210797,0.0,0.0,0.0,0.4771046833481884,0.34483844541614805,0.34483844541614805,0.34483844541614805,0.34483844541614805,0.34483844541614805,0.33627050578730716,0.33276202492398627,0.31149220309321285,0.26398525101907167,0.20642142505871366,0.16009686400635947,0.10313029367853395,0.04922080489705948,0.029811887324737163,0.01649101315460884,0.013009049773755657,0.0,0.0,0.0,0.18667808156832033,0.9547738693467337,0.9547738693467337,0.9547738693467337,0.9547738693467337,0.9547738693467337,0.9396984924623115,0.914572864321608,0.8592964824120602,0.7537688442211056,0.6331658291457286,0.49246231155778897,0.3417085427135678,0.18592964824120603,0.08040201005025126,0.035175879396984924,0.01507537688442211,0.0,0.0,0.0,0.5276381909547738,0.9844559585492227,0.9844559585492227,0.9844559585492227,0.9844559585492227,0.9844559585492227,0.9689119170984456,0.9430051813471503,0.8860103626943006,0.7772020725388601,0.6528497409326425,0.5077720207253886,0.35233160621761656,0.19170984455958548,0.08290155440414508,0.03626943005181347,0.015544041450777202,0.0,0.0,0.0,0.5440414507772021,0.34483844541614805,0.34483844541614805,0.34483844541614805,0.34483844541614805,0.34483844541614805,0.3388230754013938,0.3369152577763857,0.3222899577628121,0.2855555555555555,0.23507673401548476,0.19030086261308649,0.12905177231596093,0.06288823693311262,0.037743834647260964,0.02180253544716856,0.017182130584192438,0.0,0.0,0.0,0.1948327463227976,1.0,1.0,1.0,1.0,1.0,0.9846676106655649,0.961873622326436,0.9092857117120953,0.8034099086437693,0.6868551988774358,0.550606665104012,0.3891233580380981,0.2453725088668565,0.16384442129795196,0.0747920647409239,0.0741869918699187,0.0,0.0,0.0,0.5707377927443718,0.5452562462498256,0.5452562462498256,0.5452562462498256,0.5452562462498256,0.5452562462498256,0.5496010827472801,0.5557365960571394,0.5667695298040986,0.5864722861201344,0.6078149311879186,0.6330961474940546,0.663907687413101,0.7027240946900843,0.7442058715236003,0.7800163516870537,0.806060606060606,1.0,1.0,1.0,0.6801413903175895,0.5737967731082915,0.5737967731082915,0.5737967731082915,0.5737967731082915,0.5737967731082915,0.5621324464464506,0.5516657668119244,0.5173626913653331,0.44607606700210234,0.36152315658992484,0.2807875918229379,0.1877245385199125,0.09566403159317143,0.04895850962090733,0.024084972282745365,0.014004153964005563,0.0,0.0,0.0,0.31362988376636175,190.0,190.0,190.0,190.0,190.0,187.0,182.0,171.0,150.0,126.0,98.0,68.0,37.0,16.0,7.0,3.0,0.0,0.0,0.0,105.0,9.0,9.0,9.0,9.0,9.0,12.0,17.0,28.0,49.0,73.0,101.0,131.0,162.0,183.0,192.0,196.0,199.0,199.0,199.0,94.0,3.0,3.0,3.0,3.0,3.0,6.0,11.0,22.0,43.0,67.0,95.0,125.0,156.0,177.0,186.0,190.0,193.0,193.0,193.0,88.0,0.24120603015075376,0.6078149311879186,0.2964824120603015,0.6331658291457286,0.6528497409326425,0.0,1.0,0.0,-0.007112154122222363,0.6428571428571429,0.03041307308216069,0.29124928298915465,76.58468132967775,126,73,67,11,0,2,0,39.0,2203,0.34183673469387754,0.33668341708542715,0.3471502590673575,67,132,126,193,199,14,2
1014,0.9385920461538001,0.5726670316709705,0.5375007210208793,0.9385920461538001,0.9385920461538001,0.9385920461538001,0.9385920461538001,0.9303156814364743,0.9063554308426272,0.8445784116933442,0.8170102388122602,0.7081596492730364,0.5770232146023808,0.4392337285809159,0.27436790328971283,0.15895091777098874,0.08182437290886835,0.04190921254641138,0.013132279444958291,0.003150641772326125,0.0,0.0,0.502651571978395,0.897119341563786,0.897119341563786,0.897119341563786,0.897119341563786,0.889344262295082,0.8663967611336032,0.807843137254902,0.7799227799227799,0.6763636363636364,0.5469798657718121,0.4228395061728395,0.26301369863013696,0.1525,0.07962529274004684,0.040632054176072234,0.010964912280701754,0.002173913043478261,0.0,0.0,0.48037248347580186,0.9819819819819819,0.9819819819819819,0.9819819819819819,0.9819819819819819,0.9731746229442082,0.9481570152029315,0.8829841594276955,0.8558613076927387,0.7414504001940335,0.6087167207155794,0.4562635834794333,0.2862122647894951,0.1656747164605877,0.08408418696540933,0.04322651492462813,0.015728056823947234,0.0045662100456621,0.0,0.0,0.526001457241804,0.9819819819819819,0.9819819819819819,0.9819819819819819,0.9819819819819819,0.9774774774774775,0.963963963963964,0.9279279279279279,0.9099099099099099,0.8378378378378378,0.7342342342342343,0.6171171171171171,0.43243243243243246,0.2747747747747748,0.15315315315315314,0.08108108108108109,0.02252252252252252,0.0045045045045045045,0.0,0.0,0.5718349928876245,0.9121338912133892,0.9121338912133892,0.9121338912133892,0.9121338912133892,0.9079497907949791,0.895397489539749,0.8619246861924686,0.8451882845188284,0.7782426778242678,0.6820083682008368,0.5732217573221757,0.401673640167364,0.25523012552301255,0.14225941422594143,0.07531380753138076,0.02092050209205021,0.0041841004184100415,0.0,0.0,0.5311605373265801,0.9819819819819819,0.9819819819819819,0.9819819819819819,0.9819819819819819,0.9774982355627517,0.9643007493474782,0.9287151228898802,0.9121398626349123,0.8413251961639058,0.7442104681368485,0.6197803643059118,0.4391891891891892,0.2807561660020676,0.15368309485956544,0.08208208208208208,0.03063063063063063,0.009009009009009009,0.0,0.0,0.5742762157232717,1.0,1.0,1.0,1.0,0.9954339830042701,0.9819943410786247,0.9457557673465753,0.9288763738759197,0.8567623557265462,0.7578657060843136,0.631152481082167,0.4472477064220184,0.28590765528650924,0.15650296815974096,0.0835881753312946,0.031192660550458717,0.009174311926605505,0.0,0.0,0.5848133939934234,0.5726670316709705,0.5726670316709705,0.5726670316709705,0.5726670316709705,0.5741937031978191,0.5785614710562988,0.588388776498904,0.5926309358134574,0.6076280582099312,0.6269072951320894,0.6461748819420449,0.6794599399812089,0.7167959246246763,0.7494173501370632,0.7823754121540633,0.8284974747474749,0.8888888888888888,1.0,1.0,0.6921362231088316,0.9819819819819819,0.9819819819819819,0.9819819819819819,0.9819819819819819,0.975323677340297,0.956027821161737,0.905177143685657,0.8824719176144233,0.7881720625362006,0.668536203432677,0.530629877864367,0.35180600599608414,0.21336174188765114,0.1134802113325125,0.059201795255349604,0.018821145396942917,0.0045352523324726545,0.0,0.0,0.5471301465139105,218.0,218.0,218.0,218.0,217.0,214.0,206.0,202.0,186.0,163.0,137.0,96.0,61.0,34.0,18.0,5.0,1.0,0.0,0.0,126.94736842105263,4.0,4.0,4.0,4.0,5.0,8.0,16.0,20.0,36.0,59.0,85.0,126.0,161.0,188.0,204.0,217.0,221.0,222.0,222.0,95.05263157894737,21.0,21.0,21.0,21.0,22.0,25.0,33.0,37.0,53.0,76.0,102.0,143.0,178.0,205.0,221.0,234.0,238.0,239.0,239.0,112.05263157894737,0.3918918918918919,0.6269072951320894,0.3918918918918919,0.7342342342342343,0.6820083682008368,0.5,0.5,0.0,0.11795445543482244,0.7071583514099783,0.034703196347031964,0.3918918918918919,102.18588910653058,163,59,76,0,1,1,0,33.0,2190,0.7071583514099783,0.7342342342342343,0.6820083682008368,163,59,76,239,222,14,2
1017,0.7799297097698965,0.5536131144949697,0.43177931571287026,0.7799297097698965,0.7799297097698965,0.7595322233096503,0.7595322233096503,0.739770544722758,0.7206212856514338,0.6666359970358542,0.6006885555100621,0.509863125047243,0.3845424156245587,0.2924553350570386,0.20726219243197902,0.10859766776706446,0.049318686837871564,0.02885885891226568,0.014128382353786684,0.009546566568258788,0.0,0.0,0.3900638673515404,0.8144796380090498,0.8144796380090498,0.7982062780269058,0.7982062780269058,0.7822222222222223,0.7665198237885462,0.721030042918455,0.6570247933884298,0.5603112840466926,0.43214285714285716,0.32781456953642385,0.23384615384615384,0.12324929971988796,0.05526315789473684,0.030848329048843187,0.012626262626262626,0.005012531328320802,0.0,0.0,0.41754121892524965,0.7468453768453769,0.7468453768453769,0.7227319730830967,0.7227319730830967,0.6996227456753772,0.677471111924144,0.6163454032306491,0.5491828380781453,0.4639571139910814,0.3421851523638334,0.26091007219196016,0.18370033333955232,0.09568779271970725,0.04401364243507512,0.02699769366436033,0.015809206084435444,0.01818181818181818,0.0,0.0,0.3649062959861625,0.9574468085106383,0.9574468085106383,0.9468085106382979,0.9468085106382979,0.9361702127659575,0.925531914893617,0.8936170212765957,0.8457446808510638,0.7659574468085106,0.6436170212765957,0.526595744680851,0.40425531914893614,0.23404255319148937,0.11170212765957446,0.06382978723404255,0.026595744680851064,0.010638297872340425,0.0,0.0,0.5366741321388577,0.8450704225352113,0.8450704225352113,0.8356807511737089,0.8356807511737089,0.8262910798122066,0.8169014084507042,0.7887323943661971,0.7464788732394366,0.676056338028169,0.568075117370892,0.4647887323943662,0.3568075117370892,0.20657276995305165,0.09859154929577464,0.056338028169014086,0.023474178403755867,0.009389671361502348,0.0,0.0,0.4736842105263157,0.7468453768453769,0.7468453768453769,0.7331735680050288,0.7331735680050288,0.7196042593769867,0.7061409854513303,0.6664252414252414,0.6193062702496666,0.5546069671069671,0.44219499508755705,0.35928280473735025,0.26378971905287696,0.13809069718160624,0.06394716394716395,0.0378010878010878,0.022331002331002332,0.02564102564102564,0.0,0.0,0.3989052688995091,1.0,1.0,0.9889702092567777,0.9889702092567777,0.9781067556296914,0.9674153748813666,0.936435124508519,0.889156107728498,0.8082598271830086,0.6917497016768384,0.5690913874776948,0.45310395757896893,0.30590786651147767,0.1664492275872703,0.11362515585164784,0.052950481046578714,0.058823529411764705,0.0,0.0,0.5773165745045725,0.5536131144949697,0.5536131144949697,0.5585483283098871,0.5585483283098871,0.5623713244183651,0.5657565448960802,0.5745890740983247,0.5856540238219275,0.602703675700772,0.6263591127051251,0.649157477064195,0.673615408296025,0.7179877920245794,0.7656541412579546,0.8033726081924012,0.8447863247863248,0.8888888888888888,1.0,1.0,0.6886957516716147,0.8456149966217079,0.8456149966217079,0.827217494390372,0.827217494390372,0.8092996816228345,0.7918466616108581,0.7421433441812268,0.6815192323913408,0.5961303602914835,0.46929328621821187,0.37066714685909224,0.2725102509667236,0.1496496418885735,0.07011716983767688,0.041512131267931525,0.020505062999869136,0.013907681247386885,0.0,0.0,0.44077719123196685,180.0,180.0,178.0,178.0,176.0,174.0,168.0,159.0,144.0,121.0,99.0,76.0,44.0,21.0,12.0,5.0,2.0,0.0,0.0,100.89473684210526,8.0,8.0,10.0,10.0,12.0,14.0,20.0,29.0,44.0,67.0,89.0,112.0,144.0,167.0,176.0,183.0,186.0,188.0,188.0,87.10526315789474,33.0,33.0,35.0,35.0,37.0,39.0,45.0,54.0,69.0,92.0,114.0,137.0,169.0,192.0,201.0,208.0,211.0,213.0,213.0,112.10526315789474,0.14361702127659576,0.6263591127051251,0.15425531914893617,0.6436170212765957,0.568075117370892,0.0,1.0,0.0,-0.09686461363127585,0.6034912718204489,0.04218248509857864,0.15265409576774477,75.78945263732014,121,67,92,2,0,2,0,35.0,2181,0.4488778054862843,0.4787234042553192,0.4225352112676056,90,98,123,213,188,9,2
1085,0.5705491748951783,0.7563155704229091,0.4315152246651669,0.5705491748951783,0.5690761888890956,0.5690761888890956,0.5690761888890956,0.5639070925277893,0.5639070925277893,0.5639070925277893,0.5639070925277893,0.5639070925277893,0.5639070925277893,0.5564284933675001,0.544500593111457,0.528489938431299,0.44957330838425724,0.3267001075012622,0.20832134810405653,0.14261590504818494,0.05662838177756067,0.009334857548922715,0.44651648578966846,0.9346733668341709,0.925,0.925,0.925,0.896551724137931,0.896551724137931,0.896551724137931,0.896551724137931,0.896551724137931,0.896551724137931,0.8689320388349514,0.8246445497630331,0.7579908675799086,0.5843621399176955,0.3898916967509025,0.21069182389937108,0.11271676300578035,0.04336043360433604,0.007853403141361256,0.6783909172715316,0.34827820340720533,0.3501056310924731,0.3501056310924731,0.3501056310924731,0.3546825023496613,0.3546825023496613,0.3546825023496613,0.3546825023496613,0.3546825023496613,0.3546825023496613,0.3563140204225284,0.3595256841070788,0.3684762270485716,0.3458748365183849,0.2737502776560199,0.2059775423303507,0.18044606525535037,0.07395621667456037,0.011095771335071843,0.3001108816910794,0.9637305699481865,0.9585492227979274,0.9585492227979274,0.9585492227979274,0.9430051813471503,0.9430051813471503,0.9430051813471503,0.9430051813471503,0.9430051813471503,0.9430051813471503,0.927461139896373,0.9015544041450777,0.8601036269430051,0.7357512953367875,0.5595854922279793,0.3471502590673575,0.20207253886010362,0.08290155440414508,0.015544041450777202,0.7436596673029725,0.96875,0.9635416666666666,0.9635416666666666,0.9635416666666666,0.9479166666666666,0.9479166666666666,0.9479166666666666,0.9479166666666666,0.9479166666666666,0.9479166666666666,0.9322916666666666,0.90625,0.8645833333333334,0.7395833333333334,0.5625,0.3489583333333333,0.203125,0.08333333333333333,0.015625,0.7475328947368421,0.3507888384555859,0.3526298371411153,0.3526298371411153,0.3526298371411153,0.3572650228396737,0.3572650228396737,0.3572650228396737,0.3572650228396737,0.3572650228396737,0.3572650228396737,0.35931928784451145,0.3631350543847302,0.37290644856547556,0.3618924070740231,0.3124050204877272,0.2612757907562082,0.24789446142829602,0.11437298603651988,0.01743644826351593,0.31383717851357795,0.9900968207419821,0.9900432900432901,0.9900432900432901,0.9900432900432901,0.982343846629561,0.982343846629561,0.982343846629561,0.982343846629561,0.982343846629561,0.982343846629561,0.967830772579376,0.9469360192136961,0.9230263923352064,0.8251185310859144,0.6733441834319026,0.5150839864508363,0.41099379702618566,0.17294273708747393,0.033022533022533024,0.8064520380464392,0.7563155704229091,0.7600424388047297,0.7600424388047297,0.7600424388047297,0.7687771207917828,0.7687771207917828,0.7687771207917828,0.7687771207917828,0.7687771207917828,0.7687771207917828,0.772534705859602,0.7781685920407228,0.7853478155016935,0.8032675168074788,0.8283001232110555,0.8634019208508762,0.893683606106012,0.9276334847586867,0.9855072463768115,0.8045763485842491,0.5793499386986732,0.5793043074074868,0.5793043074074868,0.5793043074074868,0.5783315981760839,0.5783315981760839,0.5783315981760839,0.5783315981760839,0.5783315981760839,0.5783315981760839,0.5748629467465595,0.5693258855084747,0.5629633552254983,0.5044579853593373,0.39139070488412203,0.2674044823521828,0.1909533831422334,0.07830124724530771,0.01313290255658292,0.4705287022630493,186.0,185.0,185.0,185.0,182.0,182.0,182.0,182.0,182.0,182.0,179.0,174.0,166.0,142.0,108.0,67.0,39.0,16.0,3.0,143.52631578947367,7.0,8.0,8.0,8.0,11.0,11.0,11.0,11.0,11.0,11.0,14.0,19.0,27.0,51.0,85.0,126.0,154.0,177.0,190.0,49.473684210526315,6.0,7.0,7.0,7.0,10.0,10.0,10.0,10.0,10.0,10.0,13.0,18.0,26.0,50.0,84.0,125.0,153.0,176.0,189.0,48.473684210526315,0.7668393782383419,0.7687771207917828,0.8911917098445595,0.9430051813471503,0.9479166666666666,1.0,0.0,0.0,0.5487950050989869,0.9454545454545454,0.005,0.8840403562605617,139.9174359841045,182,11,10,24,2,0,0,7.0,2000,0.4727272727272727,0.47150259067357514,0.4739583333333333,91,102,101,192,193,29,2
1086,0.4527990166207882,0.7575885912621,0.34303536912660715,0.4527990166207882,0.44999594439964025,0.44999594439964025,0.4488318812879529,0.4488318812879529,0.44767624809972045,0.4465272866507051,0.4465272866507051,0.44301202413679114,0.44301202413679114,0.43820228333741446,0.4298675614712192,0.40763551199415715,0.34411753578968407,0.28789348893833805,0.18401001475981085,0.11059817068758251,0.036299557139382016,0.00787425385475049,0.35387936398121195,0.9701492537313433,0.9603960396039604,0.9603960396039604,0.9507389162561576,0.9507389162561576,0.9411764705882353,0.9317073170731708,0.9317073170731708,0.9223300970873787,0.9223300970873787,0.9038461538461539,0.8591549295774648,0.7757847533632287,0.5776892430278885,0.40425531914893614,0.2260061919504644,0.12181303116147309,0.042105263157894736,0.007633587786259542,0.7031557335463514,0.21133547097437602,0.21084671492359316,0.21084671492359316,0.21188788448226978,0.21188788448226978,0.21293989955718262,0.21400134363008588,0.21400134363008588,0.2127867822480738,0.2127867822480738,0.21244903273086022,0.2150789270290177,0.2141917715169868,0.20498369991675233,0.20502552977553587,0.14981751269596677,0.10041581957865563,0.031294373902237424,0.008122507463745935,0.18235263135312435,0.9798994974874372,0.9748743718592965,0.9748743718592965,0.9698492462311558,0.9698492462311558,0.964824120603015,0.9597989949748744,0.9597989949748744,0.9547738693467337,0.9547738693467337,0.9447236180904522,0.9195979899497487,0.8693467336683417,0.7286432160804021,0.5728643216080402,0.36683417085427134,0.21608040201005024,0.08040201005025126,0.01507537688442211,0.7566781274795027,0.9898477157360406,0.9847715736040609,0.9847715736040609,0.9796954314720813,0.9796954314720813,0.9746192893401016,0.9695431472081218,0.9695431472081218,0.9644670050761421,0.9644670050761421,0.9543147208121827,0.9289340101522843,0.8781725888324873,0.7360406091370558,0.5786802030456852,0.37055837563451777,0.2182741116751269,0.08121827411167512,0.015228426395939087,0.7643601389259952,0.2113444311464113,0.2109537905189635,0.2109537905189635,0.21199551487347104,0.21199551487347104,0.21304809052333806,0.21411010104109032,0.21411010104109032,0.21310046686730968,0.21310046686730968,0.2129336251037175,0.21566591252634798,0.21593840993159127,0.21160387678458203,0.21741588766825126,0.17138096253013613,0.12199316751798578,0.04060795110123257,0.010002020610224288,0.18643442537081512,0.9923076923076923,0.9874570446735395,0.9874570446735395,0.9873920552677029,0.9873920552677029,0.9873263888888889,0.9872600349040139,0.9872600349040139,0.9821804511278195,0.9821804511278195,0.9734422492401217,0.9583398386677074,0.9158485085546235,0.8172580988279717,0.7449771950118211,0.5692664881381535,0.40811521200138084,0.13924143290919605,0.0468671679197995,0.8127141812849215,0.7575885912621,0.7610903901407604,0.7610903901407604,0.7641589432030297,0.7641589432030297,0.7667015123703244,0.7689358483367859,0.7689358483367859,0.7706487830076659,0.7706487830076659,0.7732040874995378,0.7787588807979297,0.787251615767907,0.808241184975777,0.8318255186169558,0.8648573095065828,0.8921081967482928,0.9262421741598108,0.989247311827957,0.8055628585741925,0.45506870009819606,0.45337518543666905,0.45337518543666905,0.45332031175609544,0.45332031175609544,0.45326543143234854,0.4532088641448104,0.4532088641448104,0.450736352464314,0.450736352464314,0.4480018067612174,0.44473154708929,0.4315169949688288,0.3864711921364935,0.3427124319705829,0.23443161700008436,0.1473020388953411,0.05016104629096182,0.011065706541495737,0.36978999688361147,195.0,194.0,194.0,193.0,193.0,192.0,191.0,191.0,190.0,190.0,188.0,183.0,173.0,145.0,114.0,73.0,43.0,16.0,3.0,150.57894736842104,4.0,5.0,5.0,6.0,6.0,7.0,8.0,8.0,9.0,9.0,11.0,16.0,26.0,54.0,85.0,126.0,156.0,183.0,196.0,48.421052631578945,2.0,3.0,3.0,4.0,4.0,5.0,6.0,6.0,7.0,7.0,9.0,14.0,24.0,52.0,83.0,124.0,154.0,181.0,194.0,46.421052631578945,0.7738693467336684,0.7692308941992775,0.9296482412060302,0.9597989949748744,0.9695431472081218,1.0,0.0,0.0,0.5523773909148845,0.9646464646464646,0.003,0.9221539613375161,146.923100792062,191,8,6,31,2,0,0,5.0,2000,0.29797979797979796,0.2964824120603015,0.29949238578680204,59,140,138,197,199,34,2
1087,0.19387208891488733,0.6356215375883654,0.12322927525154898,0.19387208891488733,0.19272494443864552,0.19109075757334082,0.18834980854367653,0.18355176677818805,0.17997654846169014,0.17715306848859882,0.16785826330120424,0.1648226836542595,0.16354824717772007,0.16231347006358132,0.15602212431253026,0.14931435743707655,0.13055528239546837,0.11221701215671853,0.09464617664742846,0.051348591546140986,0.027793302090707506,0.0075164986916690215,0.14182499961439643,0.6053811659192825,0.5911111111111111,0.5701754385964912,0.5364806866952789,0.49166666666666664,0.4732510288065844,0.4435483870967742,0.39299610894941633,0.366412213740458,0.3560606060606061,0.3458646616541353,0.3308550185873606,0.3161764705882353,0.2785714285714286,0.22184300341296928,0.16993464052287582,0.06865671641791045,0.022857142857142857,0.0056179775280898875,0.34670844598856937,0.0620871427394778,0.06283574020299079,0.06404288076637965,0.06612661230541142,0.06852457848283595,0.06844477037454343,0.07075487272165176,0.07169637540132254,0.07414195277408261,0.07512212443505127,0.07617332871788669,0.07357574135925349,0.07051371436770232,0.06118603709206333,0.056763826776810265,0.05271378882147552,0.038403786131033096,0.03379545929835802,0.010056599959571456,0.060892596459363235,0.8132530120481928,0.8012048192771084,0.7831325301204819,0.7530120481927711,0.7108433734939759,0.6927710843373494,0.6626506024096386,0.608433734939759,0.5783132530120482,0.5662650602409639,0.5542168674698795,0.536144578313253,0.5180722891566265,0.46987951807228917,0.39156626506024095,0.3132530120481928,0.13855421686746988,0.04819277108433735,0.012048192771084338,0.5237793278376666,0.703125,0.6927083333333334,0.6770833333333334,0.6510416666666666,0.6145833333333334,0.5989583333333334,0.5729166666666666,0.5260416666666666,0.5,0.4895833333333333,0.4791666666666667,0.4635416666666667,0.4479166666666667,0.40625,0.3385416666666667,0.2708333333333333,0.11979166666666667,0.041666666666666664,0.010416666666666666,0.45285087719298245,0.0620871427394778,0.06283574020299079,0.06404288076637965,0.06612661230541142,0.06852784862610092,0.06850936281303381,0.0708241795269223,0.07176713223583292,0.07418458117123795,0.07516363579010457,0.07618525800109582,0.07381414447655775,0.07091213129449894,0.06211628746840013,0.05816958430746422,0.05429092775275132,0.04053888548683405,0.036508524833209786,0.010526315789473684,0.06142795660988304,1.0,1.0,1.0,1.0,0.9943502824858758,0.9867494824016564,0.9816017316017317,0.9764262140499764,0.9781746031746033,0.979483282674772,0.9906832298136645,0.9800561797752808,0.9546511627906976,0.8732873607873608,0.7914374514374513,0.7000631313131312,0.4512955643390426,0.31805555555555554,0.22916666666666666,0.8518674683614457,0.6356215375883654,0.6440666881540509,0.6560592472663417,0.6753730353861664,0.7019520524725619,0.7127730126213843,0.7305876862336477,0.7629742915916689,0.7807752921795865,0.7875160618471251,0.7932515776224467,0.8008499769990567,0.8068191324571352,0.8209025066684251,0.8395386200296674,0.8556919899719599,0.8958586726795399,0.9337759327153806,0.9591666666666667,0.7786081042711146,0.22470548689862116,0.22437535041416776,0.2239510286888168,0.22314599654071132,0.2207039703675306,0.21775343347371892,0.21653119644157479,0.20885998531808272,0.20706828316631537,0.20624993168154868,0.20546664845366164,0.19861327957904007,0.19113137214861417,0.1695584430854799,0.1490865508405171,0.12850195766913267,0.07294522953648917,0.040357116270316046,0.011007445431824582,0.17579014242137703,135.0,133.0,130.0,125.0,118.0,115.0,110.0,101.0,96.0,94.0,92.0,89.0,86.0,78.0,65.0,52.0,23.0,8.0,2.0,86.94736842105263,31.0,33.0,36.0,41.0,48.0,51.0,56.0,65.0,70.0,72.0,74.0,77.0,80.0,88.0,101.0,114.0,143.0,158.0,164.0,79.05263157894737,57.0,59.0,62.0,67.0,74.0,77.0,82.0,91.0,96.0,98.0,100.0,103.0,106.0,114.0,127.0,140.0,169.0,184.0,190.0,105.05263157894737,-0.19879518072289157,0.7875160618471251,-0.024096385542168676,0.5662650602409639,0.4895833333333333,0.0,1.0,0.0,-0.31911741076126654,0.5251396648044693,0.049,-0.03290601203553588,74.02650981362976,94,72,98,29,0,2,0,13.0,2000,0.11731843575418995,0.12650602409638553,0.109375,21,145,171,192,166,78,2
1088,0.27815918844301657,0.7046601552834111,0.19600769692176367,0.27815918844301657,0.27670954055978064,0.27670954055978064,0.275991888131089,0.275991888131089,0.2710466462589857,0.2628640001593985,0.25826504378713533,0.24592164519458803,0.23827026863747386,0.2361582063493783,0.23540716803018227,0.22086370500824132,0.21311775941746597,0.18829736778917705,0.13550336544199548,0.059943352254055914,0.026606554241615437,0.010363483234575682,0.20979950587521182,0.7348837209302326,0.7188940092165899,0.7188940092165899,0.7110091743119266,0.7110091743119266,0.6877828054298643,0.6147186147186147,0.5872340425531914,0.5349794238683128,0.492,0.4801587301587302,0.4743083003952569,0.4346153846153846,0.4075471698113208,0.33691756272401435,0.23102310231023102,0.11011904761904762,0.03611111111111111,0.01084010840108401,0.4754234469317595,0.10528541034673851,0.10650828752940168,0.10650828752940168,0.10713156041604938,0.10713156041604938,0.1068161109411965,0.11240505968967504,0.11358475157939978,0.11304632080597478,0.11539170918002838,0.11615054548257188,0.11683652745231325,0.11223895406541179,0.11144520866173184,0.10523612491337019,0.07947760142814876,0.03263019029990505,0.019603626330794526,0.009907814643494805,0.09459661324798196,0.8586956521739131,0.8478260869565217,0.8478260869565217,0.842391304347826,0.842391304347826,0.8260869565217391,0.7717391304347826,0.75,0.7065217391304348,0.6684782608695652,0.657608695652174,0.6521739130434783,0.6141304347826086,0.5869565217391305,0.5108695652173914,0.3804347826086957,0.20108695652173914,0.07065217391304347,0.021739130434782608,0.613558352402746,0.8359788359788359,0.8253968253968254,0.8253968253968254,0.8201058201058201,0.8201058201058201,0.8042328042328042,0.7513227513227513,0.7301587301587301,0.6878306878306878,0.6507936507936508,0.6402116402116402,0.6349206349206349,0.5978835978835979,0.5714285714285714,0.4973544973544973,0.37037037037037035,0.19576719576719576,0.06878306878306878,0.021164021164021163,0.5973266499582288,0.10528541034673851,0.10650828752940168,0.10650828752940168,0.10713156041604938,0.10713156041604938,0.10697558341756813,0.11259373010099245,0.11382421636611015,0.11381825856357647,0.11631457004060677,0.1170422628243109,0.11771641019523639,0.11384291217265452,0.1133378398080772,0.1078499800761927,0.0845350283737496,0.03535146741636065,0.02072876425733398,0.01043779076702851,0.09562810108512837,1.0,1.0,1.0,1.0,1.0,0.9938909774436089,0.985010060362173,0.974611801242236,0.9528862803862803,0.9566219688170907,0.9600372079710922,0.964912518037518,0.9365436922959047,0.9066726483393149,0.8239824005781452,0.6631996574853718,0.4558603558603559,0.32400676246830096,0.24166666666666664,0.8494685788396874,0.7046601552834111,0.7126982713381956,0.7126982713381956,0.716154140013865,0.716154140013865,0.7247983333034522,0.7528774104507673,0.7638608517796471,0.7847625289414021,0.802667731018845,0.8070546662386545,0.808972429482951,0.8207244898606258,0.8269086841532731,0.8412672766916571,0.8629829157147372,0.8962346725284531,0.934132215648627,0.9745238095238096,0.7981122628065492,0.3006794374447489,0.3005004237010203,0.3005004237010203,0.30041087682654527,0.30041087682654527,0.2970511673010249,0.29452908688511503,0.29187079964352347,0.282612248811219,0.2777352139564445,0.2763722285507041,0.2760393727260423,0.26254401090052804,0.25576061471732064,0.2318661971475284,0.17388514606365416,0.08100312128636206,0.03721610964151967,0.014676078320129758,0.2397717597079472,158.0,156.0,156.0,155.0,155.0,152.0,142.0,138.0,130.0,123.0,121.0,120.0,113.0,108.0,94.0,70.0,37.0,13.0,4.0,112.89473684210526,26.0,28.0,28.0,29.0,29.0,32.0,42.0,46.0,54.0,61.0,63.0,64.0,71.0,76.0,90.0,114.0,147.0,171.0,180.0,71.10526315789474,31.0,33.0,33.0,34.0,34.0,37.0,47.0,51.0,59.0,66.0,68.0,69.0,76.0,81.0,95.0,119.0,152.0,176.0,185.0,76.10526315789474,0.16847826086956522,0.802667731018845,0.30978260869565216,0.6684782608695652,0.6507936507936508,0.0,1.0,0.0,0.036565928887597465,0.6595174262734584,0.033,0.3020925361523325,98.72813091531793,123,61,66,26,0,2,0,15.0,2000,0.18230563002680966,0.18478260869565216,0.17989417989417988,34,150,155,189,184,58,2
1089,0.3402319977129036,0.729572786860985,0.24822400675068335,0.3402319977129036,0.3402319977129036,0.33857787089262065,0.33857787089262065,0.33857787089262065,0.3377561096199819,0.32607200033009826,0.31687568354118056,0.3109275167151131,0.30218560451281057,0.29987792885626596,0.2992066848717788,0.2683314873806186,0.2521410340360339,0.19876543014214232,0.11462228964011405,0.05651265657524012,0.02643713527352294,0.004846722724185877,0.253197678543303,0.7477477477477478,0.7477477477477478,0.7321428571428571,0.7321428571428571,0.7321428571428571,0.7244444444444444,0.6652360515021459,0.6234309623430963,0.6099585062240664,0.5836734693877551,0.5645161290322581,0.5582329317269076,0.5038759689922481,0.4752851711026616,0.375886524822695,0.22784810126582278,0.09915014164305949,0.034666666666666665,0.002583979328165375,0.512669111337161,0.15480864050260446,0.15480864050260446,0.15657459953312405,0.15657459953312405,0.15657459953312405,0.15747127396788763,0.1598274013550341,0.16106065448259066,0.15849589712109582,0.15645072864209322,0.15929885363821916,0.160371477897252,0.14289585443794567,0.13376201259817588,0.10510538050872285,0.05766240407250186,0.03221054756218382,0.020161215042419738,0.00909090909090909,0.12595819421166382,0.8469387755102041,0.8469387755102041,0.8367346938775511,0.8367346938775511,0.8367346938775511,0.8316326530612245,0.7908163265306123,0.7602040816326531,0.75,0.7295918367346939,0.7142857142857143,0.7091836734693877,0.6632653061224489,0.6377551020408163,0.5408163265306123,0.3673469387755102,0.17857142857142858,0.0663265306122449,0.00510204081632653,0.6288936627282492,0.8645833333333334,0.8645833333333334,0.8541666666666666,0.8541666666666666,0.8541666666666666,0.8489583333333334,0.8072916666666666,0.7760416666666666,0.765625,0.7447916666666666,0.7291666666666666,0.7239583333333334,0.6770833333333334,0.6510416666666666,0.5520833333333334,0.375,0.18229166666666666,0.06770833333333333,0.005208333333333333,0.6419956140350876,0.15480923694779117,0.15480923694779117,0.15657520325203256,0.15657520325203256,0.15657520325203256,0.15747188139059304,0.16049731182795704,0.16234899328859062,0.1603061224489796,0.15889568764568765,0.16179761904761902,0.162886690647482,0.1476217948717949,0.13939666666666667,0.1121816037735849,0.06478587962962963,0.036190476190476197,0.022435897435897436,0.01,0.12821898465877044,0.9969879518072289,0.9969879518072289,0.9969512195121951,0.9969512195121951,0.9969512195121951,0.9969325153374233,0.9829973118279569,0.9762304250559283,0.9701672335600906,0.9596117024001639,0.9516033817373103,0.9560513676970511,0.8982755705832628,0.8670412087912087,0.7720230830490264,0.5610944321881822,0.37177037248465816,0.21945554445554444,0.09090909090909091,0.8188943580119968,0.729572786860985,0.729572786860985,0.7370456019684123,0.7370456019684123,0.7370456019684123,0.7397654750252352,0.7606410456146461,0.7760499310948956,0.7810346422706947,0.7893225781887192,0.794641382213813,0.7961523606138017,0.8086716965779929,0.814131688209205,0.8302268503888696,0.8560972051219604,0.8921242867832506,0.9223649942490957,1.0,0.8016582376831255,0.36209589948751864,0.36209589948751864,0.36195496903530516,0.36195496903530516,0.36195496903530516,0.3618815460214092,0.3555195049761994,0.349912799034405,0.34477807766855173,0.3378537767562559,0.33732016757951316,0.33724298927462953,0.30786013486226654,0.2920743158748037,0.23841708366920714,0.1455407421255989,0.07584117281033509,0.03656806594135251,0.006810447066039944,0.2809303963021853,166.0,166.0,164.0,164.0,164.0,163.0,155.0,149.0,147.0,143.0,140.0,139.0,130.0,125.0,106.0,72.0,35.0,13.0,1.0,123.26315789473684,30.0,30.0,32.0,32.0,32.0,33.0,41.0,47.0,49.0,53.0,56.0,57.0,66.0,71.0,90.0,124.0,161.0,183.0,195.0,72.73684210526316,26.0,26.0,28.0,28.0,28.0,29.0,37.0,43.0,45.0,49.0,52.0,53.0,62.0,67.0,86.0,120.0,157.0,179.0,191.0,68.73684210526316,0.29081632653061223,0.7893225781887192,0.47959183673469385,0.7295918367346939,0.7447916666666666,0.5,0.5,0.0,0.13710779939279005,0.7371134020618557,0.0245,0.47159080753027044,112.87312868098685,143,53,49,37,1,1,0,12.0,2000,0.22164948453608246,0.2193877551020408,0.22395833333333334,43,153,149,192,196,58,2
1090,0.1933794050897642,0.6871948169928833,0.13288932489085317,0.1933794050897642,0.1933794050897642,0.19241205954114277,0.19030154239018876,0.18983605292751546,0.18756126072695642,0.1859866716275232,0.18553509108622424,0.17954362157687734,0.17230242600123974,0.16495773481932988,0.15933306954228912,0.1508471121910318,0.14116887327232427,0.1006925747949061,0.0664775047138017,0.03937178126757454,0.016913408132708765,0.004914138412687268,0.14289019648441317,0.6309523809523809,0.6309523809523809,0.6181102362204725,0.5930232558139535,0.5868725868725869,0.5627376425855514,0.5451127819548872,0.5393258426966292,0.5110294117647058,0.4891304347826087,0.4471830985915493,0.41724137931034483,0.37919463087248323,0.3173076923076923,0.21597633136094674,0.12602739726027398,0.06476683937823834,0.019851116625310174,0.0024390243902439024,0.4051176034049073,0.0592684890996448,0.0592684890996448,0.05989611316460843,0.06106788676673124,0.06140639007035853,0.0625144363256935,0.0634566701940716,0.06382647983685924,0.06308034587994198,0.060695724278754845,0.060849916650312745,0.0608449408630802,0.06000836879999445,0.06280544488550502,0.04694493398854498,0.03506585654424647,0.023934117753205964,0.014410442498677793,0.009900990099009901,0.052065580884151925,0.803030303030303,0.803030303030303,0.7929292929292929,0.7727272727272727,0.7676767676767676,0.7474747474747475,0.7323232323232324,0.7272727272727273,0.702020202020202,0.6818181818181818,0.6414141414141414,0.6111111111111112,0.5707070707070707,0.5,0.3686868686868687,0.23232323232323232,0.12626262626262627,0.04040404040404041,0.005050505050505051,0.5592769803296118,0.7464788732394366,0.7464788732394366,0.7370892018779343,0.7183098591549296,0.7136150234741784,0.6948356807511737,0.6807511737089202,0.676056338028169,0.6525821596244131,0.6338028169014085,0.596244131455399,0.568075117370892,0.5305164319248826,0.4647887323943662,0.3427230046948357,0.215962441314554,0.11737089201877934,0.03755868544600939,0.004694835680751174,0.5198912774894985,0.060051341291233476,0.060051341291233476,0.0606889379955804,0.06188208616780046,0.06222207303974222,0.06335355763927193,0.06431386347642505,0.06468962585034015,0.06400675378064895,0.061821617535903255,0.062068134340350314,0.06213864058019902,0.061551381614592754,0.06454957740672027,0.049580654179480016,0.03794587400177462,0.025477551020408162,0.015127551020408164,0.01020408163265306,0.05324866546656661,0.9588744588744588,0.9588744588744588,0.9583505666308213,0.953993718699601,0.9593301435406698,0.9514742014742015,0.9470219435736676,0.9466540404040403,0.9265097013298452,0.9081705948372615,0.8929747417936396,0.8656291367035168,0.8270534038233154,0.7976059294241112,0.6662337662337662,0.5693111236589496,0.45919913419913416,0.28787878787878785,0.25,0.7939547290502235,0.6871948169928833,0.6871948169928833,0.6941066347132843,0.707557090061451,0.7107410019403285,0.7225963176940698,0.7307415675328477,0.7332978467335107,0.7442440752089228,0.7522446108972345,0.766110814651354,0.7756403575106635,0.7869264715632713,0.8013311048471062,0.8272204414014632,0.8583361904032335,0.8897553046925449,0.9290694735596052,0.9545454545454546,0.7767818101022165,0.21816139154725792,0.21816139154725792,0.21792976543103487,0.21722988190503198,0.21711807627167204,0.2161665156912003,0.2155708557040859,0.21545128930496182,0.21043687214492873,0.20342922202053051,0.19756010994981354,0.19282899008273313,0.18505999128864783,0.17720813311683103,0.13155979900010642,0.09025859037533274,0.05497258011771626,0.02412965190293218,0.007071421391774783,0.1689633962523079,159.0,159.0,157.0,153.0,152.0,148.0,145.0,144.0,139.0,135.0,127.0,121.0,113.0,99.0,73.0,46.0,25.0,8.0,1.0,110.73684210526316,39.0,39.0,41.0,45.0,46.0,50.0,53.0,54.0,59.0,63.0,71.0,77.0,85.0,99.0,125.0,152.0,173.0,190.0,197.0,87.26315789473684,54.0,54.0,56.0,60.0,61.0,65.0,68.0,69.0,74.0,78.0,86.0,92.0,100.0,114.0,140.0,167.0,188.0,205.0,212.0,102.26315789473684,0.005050505050505051,0.7522446108972345,0.2878787878787879,0.6818181818181818,0.6338028169014085,0.5,0.5,0.0,-0.16387362388319873,0.656934306569343,0.039,0.2790495554191606,101.55302247112665,135,63,78,56,1,1,0,23.0,2000,0.1411192214111922,0.14646464646464646,0.13615023474178403,29,169,184,213,198,84,2
1091,0.31222527755962926,0.7349410589443857,0.22946717611887865,0.31222527755962926,0.31141157210564224,0.3106123943643396,0.3037086771472527,0.3026383240151561,0.3026383240151561,0.30187519388687817,0.2972320676687785,0.29649001423869187,0.29429237384724316,0.29211833669102233,0.29211833669102233,0.2754564443476542,0.24268618573720763,0.19822024767044333,0.12694143694975024,0.0584710235178888,0.02588109814999468,0.006956832176480977,0.23957758740948595,0.7276995305164319,0.719626168224299,0.7116279069767442,0.6880733944954128,0.680365296803653,0.680365296803653,0.6727272727272727,0.6576576576576577,0.6502242152466368,0.6283185840707964,0.6069868995633187,0.6069868995633187,0.5527426160337553,0.46613545816733065,0.3381818181818182,0.1986970684039088,0.0855457227138643,0.025069637883008356,0.00546448087431694,0.5106576802582735,0.13396274129516736,0.1347604791535054,0.13557655424536486,0.13405395603498968,0.13461879315860317,0.13461879315860317,0.13546148101711394,0.13433570037839676,0.13519387079411666,0.13784090348485836,0.1405847847663932,0.1405847847663932,0.1372723045621267,0.12635079292022466,0.1161838528096373,0.08109897415351304,0.03996530139402766,0.02671882396449192,0.008856745049504951,0.11410734932142273,0.8115183246073299,0.806282722513089,0.8010471204188482,0.7853403141361257,0.7801047120418848,0.7801047120418848,0.774869109947644,0.7643979057591623,0.7591623036649214,0.743455497382199,0.7277486910994765,0.7277486910994765,0.6858638743455497,0.612565445026178,0.4869109947643979,0.3193717277486911,0.1518324607329843,0.04712041884816754,0.010471204188481676,0.6092587489666575,0.8757062146892656,0.8700564971751412,0.864406779661017,0.847457627118644,0.8418079096045198,0.8418079096045198,0.8361581920903954,0.8248587570621468,0.8192090395480226,0.8022598870056498,0.7853107344632768,0.7853107344632768,0.7401129943502824,0.6610169491525424,0.5254237288135594,0.3446327683615819,0.1638418079096045,0.05084745762711865,0.011299435028248588,0.6574487065120429,0.133964299655772,0.13476204763333474,0.13557813297669635,0.13452731939860652,0.13509793932413375,0.13509793932413375,0.13594386465673594,0.13506638335066382,0.13592959295929594,0.13859216907606253,0.14135226472287518,0.14135226472287518,0.1390320711460459,0.12979135520389648,0.1221465157268415,0.08848852098324586,0.045612837145783555,0.03190319031903191,0.009900990099009901,0.11600735254868637,0.9956989247311827,0.9956709956709956,0.9956427015250543,0.989126984126984,0.9845797379354425,0.9845797379354425,0.9844755469755468,0.977794085670798,0.9776409414340449,0.9771685669572994,0.9766758022153705,0.9766758022153705,0.9422882037385855,0.8671063504396839,0.7671740445933993,0.5944065952262674,0.3733467681743543,0.37433862433862436,0.5178571428571429,0.8553814503558733,0.7349410589443857,0.7391156748517842,0.743146176127993,0.7547645755176635,0.7583480948884234,0.7583480948884234,0.7611834896010524,0.7664424844307796,0.7688763371883265,0.7750417567156864,0.7802983182111627,0.7802983182111627,0.7897316585166206,0.8035197511238519,0.8240323266859847,0.8523690718816446,0.8857882098425742,0.9249601275917065,0.9523809523809523,0.7975571830315884,0.32971687760207147,0.3296286486624861,0.32955000891300135,0.3244656776050576,0.3240628872185431,0.3240628872185431,0.3239828965052334,0.32044645112395426,0.3203655574393717,0.3201227537366675,0.31985995857913235,0.31985995857913235,0.3068389066714365,0.2782051935075761,0.2378469998698762,0.1609370047380462,0.07789756128782586,0.03548242066625832,0.009630201755866312,0.2627875185094779,155.0,154.0,153.0,150.0,149.0,149.0,148.0,146.0,145.0,142.0,139.0,139.0,131.0,117.0,93.0,61.0,29.0,9.0,2.0,116.36842105263158,36.0,37.0,38.0,41.0,42.0,42.0,43.0,45.0,46.0,49.0,52.0,52.0,60.0,74.0,98.0,130.0,162.0,182.0,189.0,74.63157894736842,22.0,23.0,24.0,27.0,28.0,28.0,29.0,31.0,32.0,35.0,38.0,38.0,46.0,60.0,84.0,116.0,148.0,168.0,175.0,60.63157894736842,0.3089005235602094,0.7750417567156864,0.5602094240837696,0.743455497382199,0.8022598870056498,0.0,1.0,0.0,0.14165408090904436,0.7717391304347826,0.0175,0.551407113940442,110.05592945362747,142,49,35,48,0,2,0,20.0,2000,0.266304347826087,0.25654450261780104,0.2768361581920904,49,142,128,177,191,66,2
1092,0.18896120875070782,0.6067111259086709,0.11464486771420535,0.18896120875070782,0.18773216197168793,0.18523962552131426,0.18004702682447132,0.17911399816095808,0.17797118517298519,0.17797118517298519,0.17455376907365006,0.17367106366480362,0.17076903610576527,0.16588086769468097,0.1485829408639211,0.13286796348075577,0.11350757853682271,0.0856121632565625,0.05382087331528013,0.0313325870998418,0.017937713002267014,0.0,0.13397752356155057,0.5168067226890757,0.5041666666666667,0.47346938775510206,0.4268774703557312,0.41568627450980394,0.4046692607003891,0.4046692607003891,0.37786259541984735,0.36742424242424243,0.352059925093633,0.3079710144927536,0.2578397212543554,0.2195945945945946,0.17207792207792208,0.11764705882352941,0.0744047619047619,0.040345821325648415,0.016901408450704224,0.0,0.28686705838100796,0.06909031335107155,0.06990419432442462,0.07247294070261036,0.07593966446933306,0.07717797364138623,0.07827069122338831,0.07827069122338831,0.0806351797376575,0.08208940748019143,0.08283267027548305,0.08934757159683188,0.08562253406251912,0.08039312512275293,0.074872884503212,0.06230026122848063,0.03893146527539717,0.024332904427578784,0.019037558241975533,0.0,0.06534326478356223,0.6212121212121212,0.6111111111111112,0.5858585858585859,0.5454545454545454,0.5353535353535354,0.5252525252525253,0.5252525252525253,0.5,0.4898989898989899,0.47474747474747475,0.4292929292929293,0.37373737373737376,0.3282828282828283,0.2676767676767677,0.1919191919191919,0.12626262626262627,0.0707070707070707,0.030303030303030304,0.0,0.38064859117490696,0.754601226993865,0.7423312883435583,0.7116564417177914,0.6625766871165644,0.6503067484662577,0.6380368098159509,0.6380368098159509,0.6073619631901841,0.5950920245398773,0.5766871165644172,0.5214723926380368,0.4539877300613497,0.3987730061349693,0.32515337423312884,0.2331288343558282,0.15337423312883436,0.08588957055214724,0.03680981595092025,0.0,0.46238295124313855,0.06909116860894034,0.06990586593804646,0.07247468436854348,0.07594917567358109,0.07718766430231819,0.07827553175618909,0.07827553175618909,0.08066682956955488,0.08212170988594236,0.08288251505562927,0.08938270418915753,0.08639158705505548,0.0819858512417459,0.07732247646083418,0.06578813063075163,0.04171481065632336,0.025576342612169907,0.019938076281854986,0.0,0.06604898189699092,0.9959349593495935,0.9917355371900827,0.9913793103448276,0.9814814814814815,0.9811320754716981,0.9831730769230769,0.9831730769230769,0.9739057239057239,0.9733676975945018,0.9645390070921985,0.9607843137254901,0.897484984984985,0.8422649572649572,0.780188679245283,0.6100877192982457,0.49788888888888894,0.44226190476190474,0.4583333333333333,0.0,0.8057429856725974,0.6067111259086709,0.6154520619754118,0.6366370877917629,0.6709946760828037,0.6792659408806606,0.6870347970217181,0.6870347970217181,0.7025304721240101,0.7080636020756848,0.715591271917074,0.7349441181183818,0.7599693054473992,0.7772729078025453,0.8012112445634118,0.8303524672324538,0.862121772144748,0.8900922915222182,0.920787545787546,1.0,0.7518982887062221,0.20717079937102453,0.20668630787966133,0.2060555618105089,0.2035230580673619,0.20326706826325333,0.2027606426759034,0.2027606426759034,0.20079240490822542,0.20053807071464602,0.1983043142240627,0.1958475956860683,0.17888639135849524,0.16245517070808374,0.141568823229042,0.10934631128357539,0.07011126193361439,0.04147901148616258,0.02401865325746406,0.0,0.15555642576489773,123.0,121.0,116.0,108.0,106.0,104.0,104.0,99.0,97.0,94.0,85.0,74.0,65.0,53.0,38.0,25.0,14.0,6.0,0.0,75.36842105263158,75.0,77.0,82.0,90.0,92.0,94.0,94.0,99.0,101.0,104.0,113.0,124.0,133.0,145.0,160.0,173.0,184.0,192.0,198.0,122.63157894736842,40.0,42.0,47.0,55.0,57.0,59.0,59.0,64.0,66.0,69.0,78.0,89.0,98.0,110.0,125.0,138.0,149.0,157.0,163.0,87.63157894736842,-0.04040404040404041,0.715591271917074,0.12626262626262627,0.47474747474747475,0.5766871165644172,0.0,1.0,0.0,-0.17542636585755073,0.5207756232686981,0.0345,0.11859336394001067,67.26557956020496,94,104,69,33,0,2,0,20.0,2000,0.12188365650969529,0.1111111111111111,0.13496932515337423,22,176,141,163,198,84,2
1093,0.13247417502577022,0.5829573391307934,0.07722679257657002,0.13247417502577022,0.1320306693887372,0.1315894625245532,0.12844930304114904,0.1256901045001735,0.12412925189841564,0.12152802728454674,0.1158314170543663,0.11217017298056407,0.10399679084997505,0.09868713632075839,0.09197880213079641,0.08065818051790268,0.06888677542647877,0.04070629370117097,0.024074637448139872,0.012773559344225893,0.01168853204992859,0.005251605431415228,0.08750499457468779,0.5450643776824035,0.5384615384615384,0.5319148936170213,0.5,0.46938775510204084,0.45161290322580644,0.42857142857142855,0.3953488372093023,0.36363636363636365,0.31868131868131866,0.2676056338028169,0.22866894197952217,0.18811881188118812,0.14285714285714285,0.08761329305135952,0.037463976945244955,0.01694915254237288,0.014084507042253521,0.002785515320334262,0.29099086271628727,0.03219694364063549,0.03237389565287061,0.03255367889730149,0.03299844690351388,0.033656613743215755,0.034117871891619286,0.034461143303238254,0.033936908153139364,0.03460090619284658,0.03393776752225877,0.036393669059927816,0.03699715391246189,0.03458315529106926,0.03321771480060683,0.018912681959284937,0.015470545722000338,0.009626665280907177,0.009700146485236759,0.009900990099009901,0.028401942026902337,0.6287128712871287,0.6237623762376238,0.6188118811881188,0.594059405940594,0.5693069306930693,0.5544554455445545,0.5346534653465347,0.504950495049505,0.4752475247524752,0.4306930693069307,0.37623762376237624,0.3316831683168317,0.28217821782178215,0.22277227722772278,0.14356435643564355,0.06435643564356436,0.0297029702970297,0.024752475247524754,0.0049504950495049506,0.36920270974465863,0.8037974683544303,0.7974683544303798,0.7911392405063291,0.759493670886076,0.7278481012658228,0.7088607594936709,0.6835443037974683,0.6455696202531646,0.6075949367088608,0.5506329113924051,0.4810126582278481,0.4240506329113924,0.36075949367088606,0.2848101265822785,0.18354430379746836,0.08227848101265822,0.0379746835443038,0.03164556962025317,0.006329113924050633,0.4720186542305129,0.03219770795977236,0.03237466603803237,0.032554455445544556,0.033003300330033,0.033663366336633666,0.03412305516265912,0.03447011367803448,0.033973985633857506,0.034653465346534656,0.034027540685103,0.036477331943720694,0.03709176887838037,0.03491401771756123,0.033663366336633666,0.01946056674632981,0.01599390708301599,0.009900990099009901,0.009900990099009901,0.009900990099009901,0.028544504506256646,0.9960629921259843,0.996031746031746,0.996,0.986111111111111,0.9768115942028985,0.9761904761904763,0.9691358024691357,0.9428104575163397,0.9430555555555555,0.9084291187739464,0.9105263157894735,0.8925373134328358,0.8337719298245615,0.7968518518518519,0.7413793103448276,0.642948717948718,0.5375,0.62,1.0,0.8771660154299717,0.5829573391307934,0.5869762340716997,0.5906720439442733,0.6079100918136096,0.6243032072185382,0.6336822511954125,0.6453948230745938,0.6613258857494554,0.6762680997254469,0.6973519271323507,0.7222814607749505,0.7415441866149705,0.761513218388164,0.7849851556666806,0.8183895147694279,0.874962304835489,0.9295657365510307,0.9424019607843137,1.0,0.7306571284969051,0.14227660694215968,0.14210425074748276,0.14193168525045105,0.14001084873845915,0.13842305973959806,0.13753850319346872,0.13573787123304926,0.13090629691644823,0.12823414140681463,0.12089979842657596,0.11701567231401765,0.1107760498862043,0.09878569292507829,0.08602317112518124,0.05210745641419036,0.03155359219056896,0.01690977684353738,0.01549524558608824,0.007001057239470768,0.09967004090099181,127.0,126.0,125.0,120.0,115.0,112.0,108.0,102.0,96.0,87.0,76.0,67.0,57.0,45.0,29.0,13.0,6.0,5.0,1.0,74.57894736842105,75.0,76.0,77.0,82.0,87.0,90.0,94.0,100.0,106.0,115.0,126.0,135.0,145.0,157.0,173.0,189.0,196.0,197.0,201.0,127.42105263157895,31.0,32.0,33.0,38.0,43.0,46.0,50.0,56.0,62.0,71.0,82.0,91.0,101.0,113.0,129.0,145.0,152.0,153.0,157.0,83.42105263157895,-0.18316831683168316,0.6973519271323507,0.07920792079207921,0.4306930693069307,0.5506329113924051,0.0,1.0,0.0,-0.31351674425487863,0.48333333333333334,0.0355,0.07067190163563966,60.66961766051451,87,115,71,53,0,2,0,27.0,2000,0.08333333333333333,0.07425742574257425,0.0949367088607595,15,187,143,158,202,90,2
1811,0.940541004736502,0.6843121915579524,0.6436236762013542,0.940541004736502,0.940541004736502,0.940541004736502,0.940541004736502,0.940541004736502,0.940541004736502,0.940541004736502,0.9317563272434821,0.9043252596745603,0.8551354773873798,0.7721497425764445,0.6484888741614447,0.5254646546186258,0.30140259901225186,0.15582883353154678,0.06807570268652256,0.030432018598395952,0.010414971659468615,0.0,0.6203821839108231,0.9730941704035875,0.9730941704035875,0.9730941704035875,0.9730941704035875,0.9730941704035875,0.9730941704035875,0.9730941704035875,0.9642857142857143,0.9298245614035088,0.8803418803418803,0.7886178861788617,0.6541353383458647,0.5224913494809689,0.3056379821958457,0.16094986807387862,0.060240963855421686,0.023255813953488372,0.002277904328018223,0.0,0.6370378134351876,0.9090768483628431,0.9090768483628431,0.9090768483628431,0.9090768483628431,0.9090768483628431,0.9090768483628431,0.9090768483628431,0.9003242923715319,0.8795252451183259,0.8306507971682079,0.7560254914452263,0.6428911499791573,0.528454879736777,0.2972259077182687,0.15087073789123207,0.07692940151797935,0.039822633506844035,0.047619047619047616,0.0,0.6059935538217105,0.9774774774774775,0.9774774774774775,0.9774774774774775,0.9774774774774775,0.9774774774774775,0.9774774774774775,0.9774774774774775,0.972972972972973,0.954954954954955,0.9279279279279279,0.8738738738738738,0.7837837837837838,0.6801801801801802,0.46396396396396394,0.2747747747747748,0.11261261261261261,0.04504504504504504,0.0045045045045045045,0.0,0.6808914177335229,0.9954128440366973,0.9954128440366973,0.9954128440366973,0.9954128440366973,0.9954128440366973,0.9954128440366973,0.9954128440366973,0.9908256880733946,0.9724770642201835,0.944954128440367,0.8899082568807339,0.7981651376146789,0.6926605504587156,0.4724770642201835,0.2798165137614679,0.11467889908256881,0.045871559633027525,0.0045871559633027525,0.0,0.693384838242395,0.9090768483628431,0.9090768483628431,0.9090768483628431,0.9090768483628431,0.9090768483628431,0.9090768483628431,0.9090768483628431,0.904451448284402,0.8948143796400592,0.8671316725583256,0.8177412789954599,0.7362668560817817,0.6443002527494874,0.4306707167033404,0.2394452188719826,0.10977415265171489,0.05432902132815744,0.058823529411764705,0.0,0.637962445569283,1.0,1.0,1.0,1.0,1.0,1.0,1.0,0.9954196217494089,0.9819349658771578,0.9549463412714807,0.9068357722558205,0.8296352583586626,0.745600756859035,0.5183944678883741,0.33867988772069685,0.27233232016210734,0.15282674772036473,0.2,0.0,0.7314003231506899,0.6843121915579524,0.6843121915579524,0.6843121915579524,0.6843121915579524,0.6843121915579524,0.6843121915579524,0.6843121915579524,0.685726655968925,0.6904936553479419,0.6965743741121717,0.7072662128009378,0.7226755034261676,0.7369170244833231,0.7659097258340584,0.7986619308666434,0.8419472635499352,0.8750539206922717,0.92,1.0,0.7490216635783181,0.9426569601773952,0.9426569601773952,0.9426569601773952,0.9426569601773952,0.9426569601773952,0.9426569601773952,0.9426569601773952,0.9359440172299396,0.9164643969264253,0.8779430921466247,0.8128166613429127,0.7098504476942815,0.5995369340720023,0.3713517339905057,0.20360617138035716,0.09307642500474726,0.042353421587023043,0.014645825838791558,0.0,0.6408519920239673,217.0,217.0,217.0,217.0,217.0,217.0,217.0,216.0,212.0,206.0,194.0,174.0,151.0,103.0,61.0,25.0,10.0,1.0,0.0,151.1578947368421,5.0,5.0,5.0,5.0,5.0,5.0,5.0,6.0,10.0,16.0,28.0,48.0,71.0,119.0,161.0,197.0,212.0,221.0,222.0,70.84210526315789,1.0,1.0,1.0,1.0,1.0,1.0,1.0,2.0,6.0,12.0,24.0,44.0,67.0,115.0,157.0,193.0,208.0,217.0,218.0,66.84210526315789,0.8513513513513513,0.6965743741121717,0.8738738738738738,0.9279279279279279,0.944954128440367,1.0,0.0,0.0,0.5697942390410241,0.9363636363636364,0.005673758865248227,0.8707253603408287,143.49432106710736,206,16,12,5,3,0,0,11.0,2115,0.8818181818181818,0.8738738738738738,0.8899082568807339,194,28,24,218,222,9,3
COMBINED,0.7019232460497368,0.6073725008596235,0.42632887736473346,0.7019232460497368,0.7009480423301728,0.6989351005626018,0.6947227167515331,0.6900423981445516,0.6785089778517271,0.6531133158502959,0.620853761101937,0.5715868295613669,0.5078697134882437,0.42591086623467805,0.33061730087090935,0.2380158530482758,0.15909220584063222,0.0981955877411859,0.05418410800798704,0.02800132628463827,0.012599336759378082,0.004288851134571861,0.4141794493481275,0.8993129231080125,0.8972042793702059,0.8932870020647631,0.8841778178719992,0.8751558681230984,0.8560849173043693,0.8145180751966794,0.760395205094587,0.6793228212802073,0.5907840731180976,0.4770941379852271,0.3563877764548833,0.23916411219882,0.15286721864458755,0.08863728499449817,0.044682802122988856,0.019331923431484193,0.007800772035170491,0.0018387251505622769,0.5020025123973813,0.5478585158570258,0.547621282403368,0.546868222272686,0.5458626572788571,0.5440842352554596,0.5377672514953511,0.5236924953911781,0.5069198097145722,0.4809370353734267,0.436592077571242,0.3802186016009921,0.30671029383355736,0.2368731068447398,0.1655706840462897,0.10878462096887843,0.06570576197392744,0.04055852365015174,0.020349689243642454,0.01000380293318631,0.34489361408992264,0.93384744517889,0.9326933165460077,0.9305424404574546,0.925506242786696,0.9204700451159374,0.909663204280768,0.8853215822054349,0.8519043122442556,0.7978176476760046,0.7324519987409506,0.6370265449585563,0.5182037561640961,0.38065260728150246,0.2615150561326199,0.1605812611478334,0.08435631098520617,0.037404259783863185,0.015265974189486938,0.0036197670758577275,0.5746759880500748,0.9605028867425673,0.9593158150326445,0.9571035450277883,0.951923595748125,0.9467436464684617,0.9356283386391842,0.9105919171208116,0.8762207953380456,0.8205902983866616,0.7533588733610317,0.6552096260724114,0.5329951977553553,0.39151783305455135,0.2689796579075163,0.1651648410942643,0.08676415043436032,0.038471914962499326,0.015701721253979388,0.0037230885447579994,0.591079354891843,0.5489503175130689,0.5489272358275447,0.548693443006551,0.5486567881499747,0.5479582311026376,0.5446190649374348,0.5358825565819102,0.5250903741986218,0.5080787030241807,0.47702459724520746,0.4334542782446959,0.3667401175123963,0.2945509734209829,0.21593587115768018,0.14470994715852772,0.08758224678815572,0.054321449330709565,0.028078321894018914,0.013294160478232408,0.36697624618802793,0.994942561354912,0.9943251111635418,0.9930024992210665,0.9899201300434988,0.9863577134222274,0.97791618565361,0.9590991682645235,0.9343289659878755,0.896907378868345,0.8441601328552494,0.7698487879366808,0.6763795429688587,0.5826415767556805,0.48974084118715167,0.3996855052027557,0.3141620641257505,0.2306004085095301,0.15498499164233012,0.11951966426511446,0.7004485910225632,0.6073725008596235,0.6080283170209223,0.609144520228233,0.6115127333189292,0.6136322909438776,0.6176498030996184,0.6256413682152525,0.6355009930371643,0.6499130359837179,0.66564208897198,0.686806334204495,0.713134991052757,0.745884380793687,0.7785534721065809,0.8140272178302113,0.8540489091417862,0.8960747888482588,0.9332590636899614,0.9784160032937329,0.7181180427705678,0.7152735667928614,0.714676647230043,0.7133611218466107,0.710773731236402,0.7076815954738849,0.6994191026505658,0.6809084142590912,0.6571507984153117,0.6194352704212917,0.565493359688264,0.4921476832281686,0.39867082451408836,0.30027714817368323,0.20808466241480106,0.1321694807006199,0.0744492826734587,0.03894947438747068,0.01762548809983785,0.0060175939120978225,0.4448718550588713,17801.0,17779.0,17738.0,17642.0,17546.0,17340.0,16876.0,16239.0,15208.0,13962.0,12143.0,9878.0,7256.0,4985.0,3061.0,1608.0,713.0,291.0,69.0,10954.473684210527,1261.0,1283.0,1324.0,1420.0,1516.0,1722.0,2186.0,2823.0,3854.0,5100.0,6919.0,9184.0,11806.0,14077.0,16001.0,17454.0,18349.0,18771.0,18993.0,8107.526315789473,732.0,754.0,795.0,891.0,987.0,1193.0,1657.0,2294.0,3325.0,4571.0,6390.0,8655.0,11277.0,13548.0,15472.0,16925.0,17820.0,18242.0,18464.0,7578.526315789473,0.4444969048368482,0.6656291024482548,0.49318014898751444,0.7327143007029693,0.7536286623860141,0.44565217391304346,0.5434782608695652,0.010869565217391304,0.199498566461797,0.7430243383428647,0.030879936157118412,0.49302447025620505,9296.841673894774,13967,5095,4566,928,82,100,2,2196.0,147863,0.5002260938954648,0.4932850697723219,0.5073652403820212,9403,9659,9130,18533,19062,1449,184
